formula,Predicted_Tc
Ga0.365In0.174Sn0.461,5.787242222222232
Ga0.192In0.550Sn0.258,6.645152222222226
Ga0.492In0.466Sn0.042,5.006273611111119
Ga0.608In0.138Sn0.254,5.425610833333343
Ga0.525In0.337Sn0.138,5.798647222222229
Ga0.455In0.182Sn0.363,5.778377777777787
Ga0.346In0.341Sn0.313,6.352259444444456
Ga0.086In0.077Sn0.837,4.150145277777775
Ga0.121In0.442Sn0.437,6.595935555555558
Ga0.377In0.267Sn0.356,6.048906388888898
Ga0.187In0.189Sn0.624,5.9668802777777925
Ga0.001In0.259Sn0.740,5.1357969444444596
Ga0.043In0.616Sn0.341,6.621700833333338
Ga0.013In0.747Sn0.240,6.188742499999998
Ga0.116In0.077Sn0.807,4.42993111111111
Ga0.648In0.151Sn0.201,5.555974444444455
Ga0.435In0.262Sn0.303,6.107273888888899
Ga0.241In0.578Sn0.181,6.5038755555555605
Ga0.366In0.224Sn0.410,6.033877500000007
Ga0.262In0.409Sn0.329,6.624001944444452
Ga0.522In0.282Sn0.196,5.941843888888897
Ga0.262In0.258Sn0.480,6.165452777777786
Ga0.247In0.185Sn0.568,6.085060555555566
Ga0.562In0.014Sn0.424,4.925619722222225
Ga0.151In0.422Sn0.427,6.648381666666671
Ga0.482In0.338Sn0.180,5.905715000000008
Ga0.301In0.423Sn0.276,6.42103694444445
Ga0.403In0.390Sn0.207,6.372596944444451
Ga0.044In0.700Sn0.256,6.423264722222224
Ga0.256In0.296Sn0.448,6.3662238888888965
Ga0.550In0.019Sn0.431,4.974485000000003
Ga0.281In0.361Sn0.358,6.3077652777777855
Ga0.391In0.107Sn0.502,5.475517777777783
Ga0.309In0.261Sn0.430,6.084795277777787
Ga0.305In0.372Sn0.323,6.389851388888897
Ga0.447In0.334Sn0.219,6.131070000000009
Ga0.416In0.421Sn0.163,6.184473888888895
Ga0.485In0.208Sn0.307,5.875502222222232
Ga0.157In0.607Sn0.236,6.450530833333337
Ga0.544In0.081Sn0.375,5.208558333333336
Ga0.072In0.411Sn0.517,6.2897030555555595
Ga0.128In0.469Sn0.403,6.62999666666667
Ga0.425In0.505Sn0.070,5.525661944444449
Ga0.072In0.548Sn0.380,6.5966150000000034
Ga0.347In0.283Sn0.370,6.167836944444454
Ga0.241In0.403Sn0.356,6.620141944444451
Ga0.454In0.369Sn0.177,6.056681388888897
Ga0.181In0.353Sn0.466,6.530510277777787
Ga0.322In0.307Sn0.371,6.20318861111112
Ga0.092In0.624Sn0.284,6.469272222222226
Ga0.539In0.228Sn0.233,5.838024166666676
Ga0.522In0.068Sn0.410,5.182696944444446
Ga0.407In0.331Sn0.262,6.214229722222233
Ga0.226In0.027Sn0.747,5.063030555555556
Ga0.232In0.486Sn0.282,6.798420833333337
Ga0.214In0.116Sn0.670,5.428804166666677
Ga0.810In0.064Sn0.126,5.789175277777791
Ga0.354In0.393Sn0.253,6.459194166666674
Ga0.452In0.165Sn0.383,5.6972466666666755
Ga0.490In0.052Sn0.458,5.062574444444446
Ga0.370In0.230Sn0.400,6.083113055555563
Ga0.106In0.729Sn0.165,5.842865555555556
Ga0.523In0.431Sn0.046,4.996021111111119
Ga0.450In0.065Sn0.485,5.2461133333333345
Ga0.413In0.400Sn0.187,6.2804200000000066
Ga0.688In0.153Sn0.159,5.498450833333345
Ga0.453In0.278Sn0.269,6.08763000000001
Ga0.185In0.481Sn0.334,6.812904166666671
Ga0.196In0.602Sn0.202,6.505845277777783
Ga0.247In0.512Sn0.241,6.793891111111114
Ga0.284In0.322Sn0.394,6.207855833333342
Ga0.658In0.166Sn0.176,5.528545555555566
Ga0.533In0.094Sn0.373,5.249885555555561
Ga0.157In0.338Sn0.505,6.404328888888897
Ga0.397In0.073Sn0.530,5.416561388888888
Ga0.041In0.071Sn0.888,3.867564722222223
Ga0.679In0.158Sn0.163,5.502077222222233
Ga0.137In0.539Sn0.324,6.721793888888893
Ga0.341In0.253Sn0.406,6.070513055555564
Ga0.495In0.099Sn0.406,5.372595277777783
Ga0.425In0.151Sn0.424,5.650462222222229
Ga0.591In0.375Sn0.034,4.704932638888898
Ga0.059In0.861Sn0.080,4.747233611111114
Ga0.017In0.718Sn0.265,6.461973055555558
Ga0.341In0.141Sn0.518,5.694429722222228
Ga0.482In0.285Sn0.233,6.088264166666676
Ga0.475In0.450Sn0.075,5.273368055555561
Ga0.311In0.449Sn0.240,6.4178036111111165
Ga0.244In0.060Sn0.696,5.224643888888887
Ga0.643In0.084Sn0.273,5.219181111111118
Ga0.054In0.457Sn0.489,6.647525833333334
Ga0.285In0.536Sn0.179,6.406854166666672
Ga0.422In0.070Sn0.508,5.328791388888891
Ga0.071In0.246Sn0.683,5.233658888888902
Ga0.404In0.471Sn0.125,6.005755833333339
Ga0.409In0.401Sn0.190,6.253137777777785
Ga0.310In0.198Sn0.492,5.903949444444453
Ga0.168In0.523Sn0.309,6.779472777777779
Ga0.700In0.243Sn0.057,4.966376388888903
Ga0.461In0.013Sn0.526,5.17957138888889
Ga0.188In0.446Sn0.366,6.629356388888894
Ga0.325In0.104Sn0.571,5.548497500000005
Ga0.324In0.328Sn0.348,6.134541944444454
Ga0.211In0.558Sn0.231,6.589148055555559
Ga0.548In0.273Sn0.179,5.7719225000000085
Ga0.460In0.339Sn0.201,6.097062222222231
Ga0.410In0.363Sn0.227,6.241343611111119
Ga0.322In0.256Sn0.422,6.040388055555565
Ga0.362In0.099Sn0.539,5.512300000000004
Ga0.282In0.031Sn0.687,5.06872027777778
Ga0.404In0.544Sn0.052,5.270320694444451
Ga0.592In0.019Sn0.389,4.980233888888893
Ga0.264In0.343Sn0.393,6.328418055555566
Ga0.307In0.415Sn0.278,6.473473055555562
Ga0.378In0.491Sn0.131,6.163575833333338
Ga0.519In0.359Sn0.122,5.748022222222228
Ga0.553In0.183Sn0.264,5.6513508333333435
Ga0.149In0.262Sn0.589,6.016530000000011
Ga0.421In0.224Sn0.355,5.897839166666675
Ga0.278In0.270Sn0.452,6.1796719444444514
Ga0.111In0.484Sn0.405,6.687545833333337
Ga0.245In0.613Sn0.142,6.3654500000000045
Ga0.286In0.508Sn0.206,6.596261944444447
Ga0.012In0.054Sn0.934,3.688435555555555
Ga0.503In0.175Sn0.322,5.593743333333343
Ga0.541In0.114Sn0.345,5.285478611111117
Ga0.084In0.721Sn0.195,6.084518055555555
Ga0.423In0.262Sn0.315,6.081365555555565
Ga0.270In0.039Sn0.691,5.105775555555559
Ga0.126In0.513Sn0.361,6.7078361111111136
Ga0.350In0.113Sn0.537,5.56383194444445
Ga0.287In0.479Sn0.234,6.533154166666671
Ga0.584In0.393Sn0.023,4.592925694444452
Ga0.540In0.210Sn0.250,5.762836944444454
Ga0.133In0.628Sn0.239,6.279575833333336
Ga0.368In0.225Sn0.407,6.042044166666674
Ga0.239In0.694Sn0.067,5.588919722222227
Ga0.303In0.268Sn0.429,6.091517500000009
Ga0.463In0.024Sn0.513,5.102456388888892
Ga0.211In0.433Sn0.356,6.663422500000006
Ga0.405In0.541Sn0.054,5.295266666666674
Ga0.156In0.349Sn0.495,6.48600361111112
Ga0.415In0.149Sn0.436,5.640700555555562
Ga0.048In0.801Sn0.151,5.5248613888888904
Ga0.407In0.163Sn0.430,5.707073333333342
Ga0.273In0.687Sn0.040,5.250301805555561
Ga0.393In0.221Sn0.386,6.0176380555555635
Ga0.443In0.157Sn0.400,5.711957222222231
Ga0.076In0.621Sn0.303,6.569866666666671
Ga0.251In0.385Sn0.364,6.541330555555564
Ga0.395In0.377Sn0.228,6.388883611111118
Ga0.273In0.458Sn0.269,6.561239444444451
Ga0.604In0.138Sn0.258,5.42622750000001
Ga0.172In0.406Sn0.422,6.694571666666673
Ga0.420In0.144Sn0.436,5.580706666666673
Ga0.282In0.505Sn0.213,6.584237777777781
Ga0.342In0.550Sn0.108,5.94170583333334
Ga0.692In0.179Sn0.129,5.490584444444455
Ga0.534In0.205Sn0.261,5.7661038888889
Ga0.264In0.429Sn0.307,6.622115833333339
Ga0.438In0.308Sn0.254,6.143591666666676
Ga0.555In0.183Sn0.262,5.645211944444454
Ga0.091In0.469Sn0.440,6.569574166666669
Ga0.401In0.466Sn0.133,6.040797777777784
Ga0.304In0.282Sn0.414,6.212795277777786
Ga0.227In0.403Sn0.370,6.621240833333341
Ga0.465In0.118Sn0.417,5.446291944444449
Ga0.261In0.446Sn0.293,6.730040277777784
Ga0.345In0.312Sn0.343,6.204059166666674
Ga0.394In0.121Sn0.485,5.509828333333338
Ga0.272In0.413Sn0.315,6.558313055555564
Ga0.705In0.276Sn0.019,4.71047041666668
Ga0.315In0.326Sn0.359,6.148879722222232
Ga0.243In0.390Sn0.367,6.571131944444453
Ga0.565In0.021Sn0.414,5.013614722222225
Ga0.711In0.086Sn0.203,5.478669166666675
Ga0.188In0.418Sn0.394,6.6710291666666715
Ga0.306In0.209Sn0.485,5.935106666666676
Ga0.169In0.660Sn0.171,6.210830000000003
Ga0.434In0.054Sn0.512,5.241860000000001
Ga0.465In0.465Sn0.070,5.340552500000005
Ga0.373In0.392Sn0.235,6.4753863888888965
Ga0.345In0.303Sn0.352,6.189206388888897
Ga0.677In0.216Sn0.107,5.411925833333345
Ga0.315In0.301Sn0.384,6.188684166666675
Ga0.488In0.154Sn0.358,5.552521388888897
Ga0.237In0.677Sn0.086,5.67195444444445
Ga0.421In0.197Sn0.382,5.923826944444453
Ga0.274In0.156Sn0.570,5.814034444444457
Ga0.003In0.495Sn0.502,6.965921666666667
Ga0.319In0.491Sn0.190,6.43512944444445
Ga0.509In0.480Sn0.011,4.685358055555564
Ga0.380In0.287Sn0.333,6.195475833333342
Ga0.072In0.586Sn0.342,6.537636666666671
Ga0.326In0.466Sn0.208,6.419386388888895
Ga0.345In0.339Sn0.316,6.3013294444444545
Ga0.606In0.251Sn0.143,5.615519166666676
Ga0.194In0.613Sn0.193,6.439177500000005
Ga0.079In0.500Sn0.421,6.665325277777779
Ga0.272In0.091Sn0.637,5.362487500000003
Ga0.141In0.514Sn0.345,6.762105000000002
Ga0.418In0.437Sn0.145,6.180182222222228
Ga0.166In0.431Sn0.403,6.741284444444448
Ga0.297In0.235Sn0.468,5.916898055555564
Ga0.323In0.416Sn0.261,6.418850000000009
Ga0.187In0.425Sn0.388,6.667748055555561
Ga0.203In0.423Sn0.374,6.663070277777783
Ga0.471In0.362Sn0.167,5.992895277777785
Ga0.367In0.016Sn0.617,5.2640583333333355
Ga0.242In0.357Sn0.401,6.641664444444453
Ga0.269In0.271Sn0.460,6.193258888888897
Ga0.114In0.615Sn0.271,6.425015833333338
Ga0.233In0.348Sn0.419,6.563550833333342
Ga0.304In0.498Sn0.198,6.556351944444449
Ga0.623In0.097Sn0.280,5.282924166666676
Ga0.610In0.371Sn0.019,4.618265972222231
Ga0.449In0.064Sn0.487,5.231392222222223
Ga0.177In0.396Sn0.427,6.65334583333334
Ga0.086In0.464Sn0.450,6.541795833333335
Ga0.511In0.271Sn0.218,5.930453888888898
Ga0.126In0.623Sn0.251,6.346074722222224
Ga0.712In0.287Sn0.001,4.666558194444459
Ga0.277In0.398Sn0.325,6.491449166666673
Ga0.145In0.433Sn0.422,6.660708888888892
Ga0.833In0.162Sn0.005,5.255845694444465
Ga0.445In0.094Sn0.461,5.322496111111116
Ga0.243In0.563Sn0.194,6.604455277777784
Ga0.207In0.034Sn0.759,4.979349166666666
Ga0.353In0.315Sn0.332,6.251873055555564
Ga0.443In0.133Sn0.424,5.506263611111116
Ga0.288In0.389Sn0.323,6.41343972222223
Ga0.229In0.691Sn0.080,5.6211975000000045
Ga0.644In0.102Sn0.254,5.306522222222232
Ga0.330In0.085Sn0.585,5.4476322222222215
Ga0.299In0.489Sn0.212,6.552785277777783
Ga0.406In0.071Sn0.523,5.354060833333333
Ga0.278In0.495Sn0.227,6.627025555555559
Ga0.262In0.417Sn0.321,6.610613055555562
Ga0.167In0.636Sn0.197,6.342025833333336
Ga0.554In0.228Sn0.218,5.763119722222231
Ga0.278In0.407Sn0.315,6.559646388888896
Ga0.705In0.203Sn0.092,5.403381944444457
Ga0.530In0.143Sn0.327,5.434471944444451
Ga0.597In0.152Sn0.251,5.509562777777788
Ga0.438In0.429Sn0.133,5.953066666666673
Ga0.434In0.396Sn0.170,6.173470277777784
Ga0.379In0.455Sn0.166,6.249906111111118
Ga0.456In0.165Sn0.379,5.706637777777786
Ga0.216In0.283Sn0.501,6.352516388888897
Ga0.393In0.083Sn0.524,5.4485947222222215
Ga0.553In0.202Sn0.245,5.7289358333333436
Ga0.666In0.170Sn0.164,5.5583438888889
Ga0.431In0.426Sn0.143,6.149943333333337
Ga0.353In0.323Sn0.324,6.264957222222232
Ga0.274In0.286Sn0.440,6.275890277777785
Ga0.377In0.321Sn0.302,6.317548888888898
Ga0.344In0.353Sn0.303,6.417307777777786
Ga0.850In0.070Sn0.080,5.614854166666684
Ga0.212In0.194Sn0.594,6.078952500000014
Ga0.205In0.486Sn0.309,6.831159166666671
Ga0.436In0.142Sn0.422,5.577973333333339
Ga0.030In0.583Sn0.387,6.663975000000003
Ga0.129In0.220Sn0.651,5.584778611111126
Ga0.146In0.480Sn0.374,6.738897222222226
Ga0.430In0.081Sn0.489,5.341001944444446
Ga0.052In0.747Sn0.201,6.108423333333332
Ga0.257In0.450Sn0.293,6.718590277777784
Ga0.109In0.832Sn0.059,4.652444166666669
Ga0.353In0.345Sn0.302,6.38359111111112
Ga0.472In0.221Sn0.307,5.899333888888898
Ga0.154In0.540Sn0.306,6.752172777777781
Ga0.564In0.144Sn0.292,5.4265052777777845
Ga0.693In0.083Sn0.224,5.40566861111112
Ga0.099In0.500Sn0.401,6.731819722222224
Ga0.639In0.209Sn0.152,5.6472213888889
Ga0.371In0.251Sn0.378,6.04330361111112
Ga0.561In0.399Sn0.040,4.834426250000008
Ga0.333In0.398Sn0.269,6.46604222222223
Ga0.396In0.421Sn0.183,6.250130000000007
Ga0.102In0.709Sn0.189,6.048773055555556
Ga0.456In0.125Sn0.419,5.471193611111116
Ga0.199In0.487Sn0.314,6.863742500000003
Ga0.462In0.339Sn0.199,6.091745555555564
Ga0.414In0.393Sn0.193,6.319685555555563
Ga0.366In0.214Sn0.420,5.99561472222223
Ga0.220In0.581Sn0.199,6.557439722222227
Ga0.147In0.162Sn0.691,5.348780277777796
Ga0.036In0.449Sn0.515,6.507310000000001
Ga0.193In0.357Sn0.450,6.576848888888898
Ga0.213In0.473Sn0.314,6.765245833333339
Ga0.338In0.330Sn0.332,6.215120277777786
Ga0.322In0.320Sn0.358,6.147726944444454
Ga0.310In0.153Sn0.537,5.759180000000011
Ga0.095In0.404Sn0.501,6.376992777777781
Ga0.227In0.224Sn0.549,6.147720833333342
Ga0.494In0.168Sn0.338,5.592647500000008
Ga0.534In0.456Sn0.010,4.6114622222222295
Ga0.485In0.491Sn0.024,4.830014722222232
Ga0.331In0.506Sn0.163,6.398741111111116
Ga0.359In0.424Sn0.217,6.43726083333334
Ga0.356In0.258Sn0.386,6.060567500000008
Ga0.352In0.437Sn0.211,6.496803055555562
Ga0.944In0.028Sn0.028,5.226168888888918
Ga0.275In0.462Sn0.263,6.535363055555562
Ga0.493In0.251Sn0.256,5.830811111111121
Ga0.106In0.573Sn0.321,6.571826111111116
Ga0.180In0.292Sn0.528,6.395115555555565
Ga0.212In0.487Sn0.301,6.862878611111117
Ga0.279In0.404Sn0.317,6.528813055555562
Ga0.092In0.423Sn0.485,6.430493888888891
Ga0.534In0.298Sn0.168,5.839212777777786
Ga0.224In0.478Sn0.298,6.797107500000006
Ga0.323In0.100Sn0.577,5.514870000000005
Ga0.284In0.295Sn0.421,6.212586388888897
Ga0.454In0.389Sn0.157,6.094598055555562
Ga0.011In0.514Sn0.475,6.918679444444444
Ga0.037In0.092Sn0.871,3.9853605555555562
Ga0.320In0.119Sn0.561,5.53996583333334
Ga0.522In0.060Sn0.418,5.132528333333333
Ga0.375In0.181Sn0.444,5.876562222222231
Ga0.787In0.193Sn0.020,5.279909027777794
Ga0.471In0.319Sn0.210,6.100370555555563
Ga0.201In0.019Sn0.780,4.989820555555556
Ga0.065In0.066Sn0.869,3.959109444444444
Ga0.278In0.300Sn0.422,6.275962500000007
Ga0.162In0.181Sn0.657,5.70384583333335
Ga0.273In0.533Sn0.194,6.52284805555556
Ga0.175In0.591Sn0.234,6.5048647222222264
Ga0.511In0.295Sn0.194,5.998892777777787
Ga0.686In0.104Sn0.210,5.520234444444454
Ga0.233In0.315Sn0.452,6.441996666666674
Ga0.142In0.566Sn0.292,6.64297944444445
Ga0.188In0.154Sn0.658,5.613267222222238
Ga0.351In0.339Sn0.310,6.316996111111122
Ga0.443In0.109Sn0.448,5.395628611111118
Ga0.039In0.589Sn0.372,6.660704166666672
Ga0.480In0.040Sn0.480,5.047641111111114
Ga0.847In0.020Sn0.133,5.834375277777796
Ga0.327In0.152Sn0.521,5.759031388888898
Ga0.324In0.243Sn0.433,6.0224519444444535
Ga0.391In0.495Sn0.114,5.987613055555562
Ga0.268In0.502Sn0.230,6.689747222222225
Ga0.217In0.448Sn0.335,6.687673611111117
Ga0.160In0.376Sn0.464,6.524973055555563
Ga0.200In0.507Sn0.293,6.877161388888891
Ga0.196In0.334Sn0.470,6.459043333333343
Ga0.319In0.420Sn0.261,6.4546472222222295
Ga0.271In0.191Sn0.538,6.027292222222233
Ga0.190In0.538Sn0.272,6.707527222222225
Ga0.548In0.070Sn0.382,5.159804166666668
Ga0.107In0.380Sn0.513,6.208853888888895
Ga0.341In0.159Sn0.500,5.713913611111119
Ga0.263In0.538Sn0.199,6.6167575000000065
Ga0.265In0.383Sn0.352,6.415724166666673
Ga0.242In0.342Sn0.416,6.52435361111112
Ga0.396In0.126Sn0.478,5.516305833333338
Ga0.029In0.334Sn0.637,5.763824722222234
Ga0.930In0.040Sn0.030,5.230473888888916
Ga0.099In0.502Sn0.399,6.7031608333333335
Ga0.472In0.389Sn0.139,6.027095833333338
Ga0.375In0.233Sn0.392,6.026371388888896
Ga0.181In0.363Sn0.456,6.503926111111119
Ga0.116In0.480Sn0.404,6.662613333333336
Ga0.229In0.500Sn0.271,6.860408888888892
Ga0.012In0.393Sn0.595,6.080598055555561
Ga0.425In0.230Sn0.345,5.9215302777777845
Ga0.579In0.045Sn0.376,5.010587500000003
Ga0.395In0.334Sn0.271,6.2906030555555645
Ga0.519In0.478Sn0.003,4.578169444444453
Ga0.334In0.297Sn0.369,6.162261944444453
Ga0.532In0.176Sn0.292,5.639306388888898
Ga0.362In0.368Sn0.270,6.42239222222223
Ga0.246In0.365Sn0.389,6.499938888888897
Ga0.390In0.279Sn0.331,6.181863611111119
Ga0.317In0.350Sn0.333,6.297385555555566
Ga0.207In0.675Sn0.118,5.8965769444444485
Ga0.429In0.299Sn0.272,6.239529166666675
Ga0.033In0.345Sn0.622,5.826793055555567
Ga0.875In0.024Sn0.101,5.668435777777798
Ga0.049In0.027Sn0.924,3.765517222222223
Ga0.170In0.738Sn0.092,5.446775555555559
Ga0.375In0.468Sn0.157,6.271617777777784
Ga0.461In0.255Sn0.284,6.0050605555555645
Ga0.402In0.288Sn0.310,6.197650555555565
Ga0.321In0.609Sn0.070,5.51942444444445
Ga0.400In0.167Sn0.433,5.696210000000009
Ga0.360In0.413Sn0.227,6.448507500000007
Ga0.102In0.544Sn0.354,6.583580555555559
Ga0.224In0.528Sn0.248,6.691500000000004
Ga0.327In0.223Sn0.450,5.916894166666674
Ga0.189In0.654Sn0.157,6.214794444444448
Ga0.359In0.344Sn0.297,6.382301666666676
Ga0.066In0.816Sn0.118,5.130269722222225
Ga0.031In0.517Sn0.452,6.827774999999998
Ga0.334In0.264Sn0.402,6.131959166666674
Ga0.216In0.454Sn0.330,6.697020277777783
Ga0.038In0.333Sn0.629,5.749911388888901
Ga0.743In0.161Sn0.096,5.583886388888901
Ga0.401In0.257Sn0.342,5.954046388888897
Ga0.563In0.305Sn0.132,5.623895833333339
Ga0.179In0.471Sn0.350,6.684970833333339
Ga0.755In0.232Sn0.013,5.050758750000016
Ga0.244In0.345Sn0.411,6.5404702777777874
Ga0.042In0.039Sn0.919,3.7656399999999994
Ga0.402In0.199Sn0.399,5.985249722222232
Ga0.253In0.384Sn0.363,6.542108333333341
Ga0.612In0.169Sn0.219,5.613257777777788
Ga0.444In0.363Sn0.193,6.197277777777786
Ga0.561In0.129Sn0.310,5.358308333333339
Ga0.209In0.338Sn0.453,6.42497222222223
Ga0.547In0.026Sn0.427,4.963828055555559
Ga0.418In0.227Sn0.355,5.908822500000008
Ga0.360In0.273Sn0.367,6.102791388888898
Ga0.067In0.455Sn0.478,6.510993055555557
Ga0.225In0.184Sn0.591,6.073076111111125
Ga0.443In0.303Sn0.254,6.127791666666676
Ga0.539In0.302Sn0.159,5.840582222222229
Ga0.424In0.220Sn0.356,5.899672500000008
Ga0.243In0.655Sn0.102,5.854186388888894
Ga0.467In0.465Sn0.068,5.355585833333338
Ga0.285In0.210Sn0.505,5.9337833333333405
Ga0.038In0.547Sn0.415,6.74269027777778
Ga0.411In0.442Sn0.147,6.188031666666672
Ga0.667In0.270Sn0.063,5.0406588888889
Ga0.163In0.366Sn0.471,6.516654166666674
Ga0.186In0.159Sn0.655,5.644408611111128
Ga0.374In0.359Sn0.267,6.4153850000000086
Ga0.658In0.240Sn0.102,5.353970833333344
Ga0.392In0.491Sn0.117,6.024840833333339
Ga0.428In0.349Sn0.223,6.250051111111119
Ga0.110In0.377Sn0.513,6.241651666666672
Ga0.303In0.323Sn0.374,6.198335833333343
Ga0.761In0.002Sn0.237,5.479561388888899
Ga0.342In0.276Sn0.382,6.123425833333341
Ga0.371In0.375Sn0.254,6.404663611111119
Ga0.390In0.528Sn0.082,5.593542500000003
Ga0.100In0.427Sn0.473,6.432556388888891
Ga0.498In0.229Sn0.273,5.865987500000009
Ga0.587In0.336Sn0.077,5.0356838888888955
Ga0.420In0.351Sn0.229,6.297684444444452
Ga0.450In0.392Sn0.158,6.116664722222229
Ga0.303In0.644Sn0.053,5.336956666666672
Ga0.269In0.164Sn0.567,5.855607500000012
Ga0.027In0.683Sn0.290,6.620934166666672
Ga0.374In0.322Sn0.304,6.308107222222231
Ga0.344In0.301Sn0.355,6.160862500000008
Ga0.298In0.350Sn0.352,6.183773888888897
Ga0.422In0.295Sn0.283,6.252830555555564
Ga0.178In0.404Sn0.418,6.721581944444451
Ga0.225In0.352Sn0.423,6.591551388888898
Ga0.717In0.056Sn0.227,5.452948055555566
Ga0.040In0.668Sn0.292,6.630138333333338
Ga0.143In0.225Sn0.632,5.7130577777777924
Ga0.352In0.163Sn0.485,5.74379361111112
Ga0.280In0.285Sn0.435,6.199035277777786
Ga0.419In0.101Sn0.480,5.41563444444445
Ga0.380In0.295Sn0.325,6.23167111111112
Ga0.114In0.145Sn0.741,4.868256388888902
Ga0.314In0.308Sn0.378,6.217025277777786
Ga0.212In0.161Sn0.627,5.7835705555555705
Ga0.881In0.002Sn0.117,5.708605277777798
Ga0.146In0.676Sn0.178,6.189026111111113
Ga0.303In0.335Sn0.362,6.159749722222232
Ga0.371In0.193Sn0.436,5.919804166666675
Ga0.187In0.444Sn0.369,6.628939722222228
Ga0.342In0.391Sn0.267,6.451731666666675
Ga0.447In0.450Sn0.103,5.67939805555556
Ga0.561In0.376Sn0.063,5.073995555555562
Ga0.637In0.361Sn0.002,4.595489583333344
Ga0.177In0.184Sn0.639,5.874462222222237
Ga0.155In0.692Sn0.153,6.079805000000004
Ga0.205In0.390Sn0.405,6.654856944444452
Ga0.476In0.474Sn0.050,5.082827500000008
Ga0.606In0.230Sn0.164,5.625197500000009
Ga0.300In0.328Sn0.372,6.172560277777788
Ga0.312In0.181Sn0.507,5.851085277777788
Ga0.266In0.310Sn0.424,6.307988333333341
Ga0.478In0.139Sn0.383,5.519225000000006
Ga0.502In0.161Sn0.337,5.549583611111118
Ga0.133In0.417Sn0.450,6.4571600000000045
Ga0.335In0.457Sn0.208,6.397947500000005
Ga0.329In0.314Sn0.357,6.155863055555565
Ga0.174In0.527Sn0.299,6.798348333333337
Ga0.339In0.524Sn0.137,6.2424336111111165
Ga0.396In0.121Sn0.483,5.497983611111117
Ga0.401In0.133Sn0.466,5.556897500000006
Ga0.272In0.335Sn0.393,6.277052222222231
Ga0.446In0.527Sn0.027,4.9058568055555645
Ga0.525In0.465Sn0.010,4.650472777777786
Ga0.148In0.627Sn0.225,6.3622038888888905
Ga0.386In0.298Sn0.316,6.2687155555555645
Ga0.698In0.241Sn0.061,5.0099136111111235
Ga0.154In0.438Sn0.408,6.703865000000004
Ga0.411In0.499Sn0.090,5.676677500000005
Ga0.137In0.031Sn0.832,4.520246944444444
Ga0.351In0.374Sn0.275,6.462208055555563
Ga0.429In0.285Sn0.286,6.224982777777786
Ga0.067In0.661Sn0.272,6.449370000000002
Ga0.324In0.331Sn0.345,6.14398361111112
Ga0.342In0.456Sn0.202,6.383722500000006
Ga0.438In0.096Sn0.466,5.373656666666671
Ga0.047In0.237Sn0.716,5.065465833333348
Ga0.318In0.402Sn0.280,6.452890277777786
Ga0.422In0.264Sn0.314,6.100240555555565
Ga0.293In0.371Sn0.336,6.286757500000007
Ga0.033In0.512Sn0.455,6.842590277777776
Ga0.527In0.106Sn0.367,5.294788055555562
Ga0.058In0.358Sn0.584,6.042735277777785
Ga0.229In0.292Sn0.479,6.423056111111118
Ga0.217In0.422Sn0.361,6.633516944444452
Ga0.206In0.394Sn0.400,6.637593055555563
Ga0.576In0.305Sn0.119,5.489214166666673
Ga0.403In0.397Sn0.200,6.3580491666666745
Ga0.164In0.451Sn0.385,6.6235144444444485
Ga0.313In0.430Sn0.257,6.478178611111118
Ga0.420In0.519Sn0.061,5.4084918055555615
Ga0.285In0.373Sn0.342,6.307549166666673
Ga0.182In0.031Sn0.787,4.9010388888888885
Ga0.677In0.151Sn0.172,5.4745572222222325
Ga0.271In0.675Sn0.054,5.362186111111118
Ga0.265In0.265Sn0.470,6.170943888888898
Ga0.482In0.505Sn0.013,4.767191388888897
Ga0.450In0.481Sn0.069,5.430635277777783
Ga0.090In0.440Sn0.470,6.483443611111113
Ga0.472In0.156Sn0.372,5.622254444444453
Ga0.375In0.562Sn0.063,5.516843611111116
Ga0.305In0.476Sn0.219,6.496013055555561
Ga0.486In0.481Sn0.033,4.849464444444454
Ga0.158In0.086Sn0.756,5.004554166666668
Ga0.722In0.095Sn0.183,5.512872777777789
Ga0.402In0.124Sn0.474,5.463944166666673
Ga0.323In0.039Sn0.638,5.186096388888892
Ga0.611In0.027Sn0.362,4.98793333333334
Ga0.302In0.498Sn0.200,6.529335277777783
Ga0.271In0.383Sn0.346,6.417299166666672
Ga0.129In0.429Sn0.442,6.514472222222224
Ga0.225In0.287Sn0.488,6.366280833333342
Ga0.242In0.164Sn0.594,5.941187777777792
Ga0.377In0.028Sn0.595,5.286046388888892
Ga0.442In0.357Sn0.201,6.252066388888897
Ga0.470In0.041Sn0.489,5.071692500000001
Ga0.300In0.349Sn0.351,6.173051666666675
Ga0.198In0.469Sn0.333,6.754240277777783
Ga0.608In0.220Sn0.172,5.560300277777786
Ga0.281In0.363Sn0.356,6.277815277777785
Ga0.933In0.014Sn0.053,5.440747222222248
Ga0.374In0.314Sn0.312,6.288387777777787
Ga0.308In0.179Sn0.513,5.823304722222233
Ga0.502In0.080Sn0.418,5.231865833333335
Ga0.091In0.461Sn0.448,6.537723611111113
Ga0.362In0.514Sn0.124,6.180635833333337
Ga0.294In0.445Sn0.261,6.455013333333341
Ga0.486In0.076Sn0.438,5.212230555555558
Ga0.227In0.600Sn0.173,6.433400555555561
Ga0.522In0.094Sn0.384,5.25115555555556
Ga0.378In0.036Sn0.586,5.300850833333333
Ga0.054In0.466Sn0.480,6.679605000000001
Ga0.425In0.386Sn0.189,6.282503611111118
Ga0.064In0.409Sn0.527,6.340470277777781
Ga0.355In0.577Sn0.068,5.614684166666672
Ga0.184In0.444Sn0.372,6.683950277777783
Ga0.243In0.433Sn0.324,6.716029166666673
Ga0.246In0.168Sn0.586,5.942674444444457
Ga0.255In0.236Sn0.509,6.151140555555565
Ga0.323In0.378Sn0.299,6.419051388888898
Ga0.148In0.466Sn0.386,6.671097222222226
Ga0.179In0.339Sn0.482,6.419087777777786
Ga0.182In0.181Sn0.637,5.833196111111127
Ga0.186In0.017Sn0.797,4.911597222222226
Ga0.412In0.336Sn0.252,6.187966111111121
Ga0.216In0.515Sn0.269,6.816432777777781
Ga0.506In0.036Sn0.458,5.0377275000000035
Ga0.509In0.185Sn0.306,5.758038333333343
Ga0.531In0.324Sn0.145,5.840688333333341
Ga0.260In0.398Sn0.342,6.541874722222229
Ga0.576In0.256Sn0.168,5.63153861111112
Ga0.580In0.392Sn0.028,4.594832638888897
Ga0.212In0.501Sn0.287,6.847198055555558
Ga0.335In0.379Sn0.286,6.451674166666675
Ga0.035In0.503Sn0.462,6.838365277777776
Ga0.324In0.347Sn0.329,6.271218333333342
Ga0.423In0.272Sn0.305,6.14655500000001
Ga0.358In0.582Sn0.060,5.511053472222229
Ga0.181In0.399Sn0.420,6.676251388888894
Ga0.172In0.667Sn0.161,6.194329444444448
Ga0.347In0.369Sn0.284,6.459063611111119
Ga0.306In0.418Sn0.276,6.498570277777784
Ga0.401In0.227Sn0.372,5.969630277777785
Ga0.323In0.440Sn0.237,6.454546388888895
Ga0.267In0.373Sn0.360,6.347837777777786
Ga0.114In0.256Sn0.630,5.620001111111124
Ga0.345In0.549Sn0.106,5.986198055555562
Ga0.289In0.207Sn0.504,5.930383333333341
Ga0.007In0.680Sn0.313,6.668598611111116
Ga0.106In0.441Sn0.453,6.427260833333336
Ga0.566In0.295Sn0.139,5.707200555555563
Ga0.230In0.522Sn0.248,6.73301666666667
Ga0.165In0.377Sn0.458,6.535731388888895
Ga0.252In0.467Sn0.281,6.704994166666673
Ga0.474In0.199Sn0.327,5.824670555555565
Ga0.518In0.066Sn0.416,5.185906666666667
Ga0.980In0.019Sn0.001,5.096713611111145
Ga0.093In0.630Sn0.277,6.463486111111114
Ga0.278In0.339Sn0.383,6.241154166666675
Ga0.416In0.352Sn0.232,6.333698333333341
Ga0.184In0.717Sn0.099,5.664266388888893
Ga0.216In0.443Sn0.341,6.676634722222228
Ga0.236In0.732Sn0.032,5.177762500000005
Ga0.080In0.302Sn0.618,5.610438333333345
Ga0.504In0.415Sn0.081,5.29908805555556
Ga0.570In0.081Sn0.349,5.13202166666667
Ga0.453In0.233Sn0.314,5.951650555555565
Ga0.178In0.408Sn0.414,6.712265277777784
Ga0.127In0.375Sn0.498,6.32324944444445
Ga0.076In0.471Sn0.453,6.502459722222224
Ga0.367In0.249Sn0.384,6.04082861111112
Ga0.504In0.332Sn0.164,5.874963055555564
Ga0.311In0.395Sn0.294,6.5156841666666745
Ga0.458In0.148Sn0.394,5.609653888888895
Ga0.011In0.259Sn0.730,5.159923888888903
Ga0.330In0.161Sn0.509,5.725950833333343
Ga0.496In0.261Sn0.243,5.942168888888899
Ga0.233In0.283Sn0.484,6.376662500000007
Ga0.389In0.169Sn0.442,5.798999444444453
Ga0.482In0.232Sn0.286,5.960392777777785
Ga0.301In0.690Sn0.009,4.8222083333333385
Ga0.040In0.534Sn0.426,6.754798611111113
Ga0.281In0.064Sn0.655,5.214160833333333
Ga0.079In0.082Sn0.839,4.020552777777777
Ga0.411In0.544Sn0.045,5.198802638888896
Ga0.250In0.445Sn0.305,6.770295833333339
Ga0.561In0.290Sn0.149,5.73751333333334
Ga0.076In0.364Sn0.560,6.009781388888895
Ga0.260In0.118Sn0.622,5.581713333333343
Ga0.297In0.093Sn0.610,5.400642777777782
Ga0.392In0.276Sn0.332,6.174464166666675
Ga0.173In0.719Sn0.108,5.691733888888892
Ga0.531In0.377Sn0.092,5.443148055555561
Ga0.371In0.412Sn0.217,6.451500277777786
Ga0.247In0.210Sn0.543,6.1489141666666765
Ga0.534In0.391Sn0.075,5.224142222222227
Ga0.117In0.580Sn0.303,6.599779444444448
Ga0.493In0.463Sn0.044,4.9773402777777855
Ga0.281In0.455Sn0.264,6.4652025000000055
Ga0.019In0.896Sn0.085,4.701064722222224
Ga0.095In0.178Sn0.727,4.981415000000015
Ga0.159In0.273Sn0.568,6.219244444444453
Ga0.445In0.243Sn0.312,5.982433888888899
Ga0.110In0.286Sn0.604,5.804446111111123
Ga0.414In0.225Sn0.361,5.925436944444453
Ga0.866In0.043Sn0.091,5.619969722222242
Ga0.242In0.284Sn0.474,6.364594444444452
Ga0.476In0.213Sn0.311,5.8842483333333435
Ga0.053In0.610Sn0.337,6.635801388888893
Ga0.458In0.239Sn0.303,5.986853333333343
Ga0.313In0.322Sn0.365,6.192044166666676
Ga0.088In0.288Sn0.624,5.701951666666679
Ga0.599In0.021Sn0.380,5.029862222222229
Ga0.145In0.502Sn0.353,6.798731666666669
Ga0.490In0.219Sn0.291,5.865935833333342
Ga0.301In0.328Sn0.371,6.172560277777788
Ga0.359In0.536Sn0.105,5.959691111111117
Ga0.302In0.605Sn0.093,5.725905833333338
Ga0.204In0.387Sn0.409,6.644907500000006
Ga0.696In0.094Sn0.210,5.479385277777787
Ga0.301In0.609Sn0.090,5.689333611111117
Ga0.306In0.242Sn0.452,6.046215833333342
Ga0.484In0.479Sn0.037,4.942333333333343
Ga0.289In0.313Sn0.398,6.256475277777786
Ga0.295In0.456Sn0.249,6.429459166666672
Ga0.314In0.588Sn0.098,5.7938000000000045
Ga0.503In0.206Sn0.291,5.776005833333342
Ga0.350In0.416Sn0.234,6.460946944444451
Ga0.220In0.275Sn0.505,6.292496944444452
Ga0.681In0.051Sn0.268,5.171894444444452
Ga0.557In0.097Sn0.346,5.225648888888894
Ga0.028In0.524Sn0.448,6.8184249999999995
Ga0.345In0.303Sn0.352,6.189206388888897
Ga0.369In0.141Sn0.490,5.627372500000005
Ga0.211In0.425Sn0.364,6.638401388888895
Ga0.142In0.697Sn0.161,6.035153333333336
Ga0.321In0.610Sn0.069,5.541753611111116
Ga0.680In0.049Sn0.271,5.156627777777786
Ga0.387In0.530Sn0.083,5.59898305555556
Ga0.267In0.336Sn0.397,6.283727222222231
Ga0.209In0.484Sn0.307,6.797067500000004
Ga0.205In0.512Sn0.283,6.7915508333333365
Ga0.538In0.229Sn0.233,5.838024166666676
Ga0.019In0.605Sn0.376,6.641616666666672
Ga0.269In0.512Sn0.219,6.659752777777781
Ga0.187In0.553Sn0.260,6.66574805555556
Ga0.292In0.410Sn0.298,6.50267583333334
Ga0.245In0.600Sn0.155,6.471638888888894
Ga0.150In0.600Sn0.250,6.483237500000003
Ga0.256In0.260Sn0.484,6.23133861111112
Ga0.139In0.794Sn0.067,4.956383750000004
Ga0.437In0.479Sn0.084,5.490828888888894
Ga0.248In0.342Sn0.410,6.491736944444453
Ga0.269In0.326Sn0.405,6.331416666666675
Ga0.398In0.189Sn0.413,5.970916944444453
Ga0.011In0.486Sn0.503,6.897473333333332
Ga0.390In0.064Sn0.546,5.354479166666666
Ga0.471In0.400Sn0.129,5.908339166666673
Ga0.393In0.254Sn0.353,6.010743055555565
Ga0.428In0.124Sn0.448,5.486805833333339
Ga0.207In0.135Sn0.658,5.556983055555569
Ga0.342In0.585Sn0.073,5.538332222222227
Ga0.426In0.086Sn0.488,5.347160277777779
Ga0.786In0.040Sn0.174,5.684944166666679
Ga0.131In0.178Sn0.691,5.28423472222224
Ga0.227In0.482Sn0.291,6.786107500000005
Ga0.133In0.323Sn0.544,6.135941666666676
Ga0.371In0.183Sn0.446,5.882852222222231
Ga0.362In0.268Sn0.370,6.0986969444444545
Ga0.498In0.181Sn0.321,5.686522222222232
Ga0.399In0.241Sn0.360,5.979865833333342
Ga0.416In0.404Sn0.180,6.214901666666674
Ga0.239In0.041Sn0.720,5.203955277777777
Ga0.273In0.352Sn0.375,6.383677777777787
Ga0.213In0.161Sn0.626,5.802760555555571
Ga0.444In0.405Sn0.151,6.164271111111117
Ga0.460In0.153Sn0.387,5.605435555555563
Ga0.645In0.101Sn0.254,5.31716500000001
Ga0.049In0.103Sn0.848,4.1048716666666705
Ga0.648In0.245Sn0.107,5.355425833333343
Ga0.374In0.383Sn0.243,6.446660277777785
Ga0.229In0.356Sn0.415,6.6437011111111195
Ga0.682In0.247Sn0.071,5.110076111111123
Ga0.340In0.391Sn0.269,6.451731666666675
Ga0.555In0.001Sn0.444,4.872656944444446
Ga0.439In0.119Sn0.442,5.454601388888896
Ga0.334In0.404Sn0.262,6.463639444444453
Ga0.384In0.452Sn0.164,6.231722777777784
Ga0.864In0.053Sn0.083,5.574845277777795
Ga0.236In0.362Sn0.402,6.638710555555563
Ga0.401In0.313Sn0.286,6.257894444444454
Ga0.687In0.169Sn0.144,5.581422500000011
Ga0.710In0.017Sn0.273,5.206724166666677
Ga0.484In0.043Sn0.473,5.047249444444446
Ga0.411In0.333Sn0.256,6.193027222222232
Ga0.764In0.160Sn0.076,5.504326388888901
Ga0.337In0.350Sn0.313,6.374093888888899
Ga0.325In0.308Sn0.367,6.161805833333342
Ga0.364In0.438Sn0.198,6.448902500000008
Ga0.579In0.016Sn0.405,5.03707305555556
Ga0.388In0.582Sn0.030,5.1021826388888964
Ga0.389In0.463Sn0.148,6.2371761111111175
Ga0.311In0.541Sn0.148,6.322743611111116
Ga0.288In0.441Sn0.271,6.474807777777783
Ga0.217In0.640Sn0.143,6.217380000000004
Ga0.382In0.361Sn0.257,6.376894166666675
Ga0.305In0.252Sn0.443,6.068231944444453
Ga0.565In0.179Sn0.256,5.560209444444454
Ga0.328In0.284Sn0.388,6.125492500000009
Ga0.422In0.049Sn0.529,5.247772777777777
Ga0.147In0.482Sn0.371,6.753368333333338
Ga0.436In0.084Sn0.480,5.315101666666669
Ga0.728In0.078Sn0.194,5.593231111111121
Ga0.417In0.395Sn0.188,6.297489166666673
Ga0.103In0.323Sn0.574,5.940478888888896
Ga0.086In0.244Sn0.670,5.350403888888905
Ga0.157In0.744Sn0.099,5.456546388888892
Ga0.554In0.021Sn0.425,4.957340833333336
Ga0.464In0.001Sn0.535,5.0791
Ga0.447In0.452Sn0.101,5.670453611111116
Ga0.402In0.264Sn0.334,6.0329708333333425
Ga0.440In0.137Sn0.423,5.518355000000005
Ga0.107In0.464Sn0.429,6.53928027777778
Ga0.232In0.182Sn0.586,6.072553333333344
Ga0.394In0.418Sn0.188,6.328633333333339
Ga0.468In0.078Sn0.454,5.253695000000001
Ga0.057In0.463Sn0.480,6.671687222222224
Ga0.400In0.334Sn0.266,6.237501944444455
Ga0.011In0.510Sn0.479,6.923040555555555
Ga0.372In0.277Sn0.351,6.100608611111118
Ga0.111In0.494Sn0.395,6.65290916666667
Ga0.637In0.306Sn0.057,4.954409722222231
Ga0.691In0.169Sn0.140,5.5635313888889
Ga0.350In0.478Sn0.172,6.311381666666674
Ga0.528In0.198Sn0.274,5.782915000000011
Ga0.166In0.450Sn0.384,6.6235144444444485
Ga0.190In0.311Sn0.499,6.393905277777785
Ga0.047In0.540Sn0.413,6.748870833333337
Ga0.182In0.420Sn0.398,6.704004166666672
Ga0.286In0.660Sn0.054,5.323656388888894
Ga0.621In0.320Sn0.059,4.891347222222231
Ga0.462In0.146Sn0.392,5.583793333333339
Ga0.336In0.526Sn0.138,6.261628055555561
Ga0.428In0.308Sn0.264,6.241056944444455
Ga0.110In0.162Sn0.728,4.946243611111127
Ga0.398In0.394Sn0.208,6.403221944444452
Ga0.347In0.390Sn0.263,6.4906538888888985
Ga0.405In0.259Sn0.336,5.985671388888898
Ga0.192In0.361Sn0.447,6.593112777777786
Ga0.415In0.375Sn0.210,6.3416686111111185
Ga0.321In0.355Sn0.324,6.323169166666677
Ga0.319In0.363Sn0.318,6.304826944444454
Ga0.201In0.589Sn0.210,6.538261944444448
Ga0.219In0.419Sn0.362,6.622034722222229
Ga0.386In0.365Sn0.249,6.354813611111118
Ga0.382In0.359Sn0.259,6.38321000000001
Ga0.411In0.322Sn0.267,6.23329250000001
Ga0.538In0.346Sn0.116,5.601734722222228
Ga0.324In0.114Sn0.562,5.523911388888894
Ga0.626In0.198Sn0.176,5.589223611111121
Ga0.250In0.716Sn0.034,5.224127361111117
Ga0.301In0.028Sn0.671,5.029241111111114
Ga0.444In0.274Sn0.282,6.092599444444454
Ga0.468In0.396Sn0.136,6.000615277777784
Ga0.070In0.668Sn0.262,6.41296305555556
Ga0.033In0.422Sn0.545,6.337266388888892
Ga0.003In0.313Sn0.684,5.471625833333348
Ga0.145In0.791Sn0.064,5.00461166666667
Ga0.578In0.360Sn0.062,5.004007777777785
Ga0.099In0.505Sn0.396,6.6832858333333345
Ga0.477In0.472Sn0.051,5.084897777777785
Ga0.497In0.230Sn0.273,5.884031944444453
Ga0.153In0.570Sn0.277,6.629178888888892
Ga0.359In0.177Sn0.464,5.800543888888898
Ga0.036In0.252Sn0.712,5.1446419444444595
Ga0.644In0.319Sn0.037,4.80888125000001
Ga0.340In0.367Sn0.293,6.435269166666674
Ga0.091In0.509Sn0.400,6.7006691666666685
Ga0.185In0.356Sn0.459,6.566893333333342
Ga0.484In0.440Sn0.076,5.333944166666671
Ga0.324In0.549Sn0.127,6.069988333333339
Ga0.398In0.095Sn0.507,5.4348958333333375
Ga0.464In0.485Sn0.051,5.128803750000008
Ga0.249In0.254Sn0.497,6.228443055555565
Ga0.047In0.817Sn0.136,5.329268333333337
Ga0.292In0.304Sn0.404,6.224225833333341
Ga0.222In0.392Sn0.386,6.587335277777785
Ga0.331In0.449Sn0.220,6.391505277777783
Ga0.607In0.202Sn0.191,5.6653455555555645
Ga0.540In0.334Sn0.126,5.6654208333333385
Ga0.419In0.452Sn0.129,5.990808055555561
Ga0.119In0.530Sn0.351,6.684388333333337
Ga0.249In0.257Sn0.494,6.215854166666676
Ga0.807In0.094Sn0.099,5.734411666666681
Ga0.473In0.406Sn0.121,5.835656944444449
Ga0.915In0.027Sn0.058,5.373282500000024
Ga0.649In0.130Sn0.221,5.479865277777787
Ga0.460In0.414Sn0.126,5.878677500000005
Ga0.728In0.069Sn0.203,5.560969166666677
Ga0.464In0.344Sn0.192,6.107841666666674
Ga0.278In0.271Sn0.451,6.1796719444444514
Ga0.326In0.524Sn0.150,6.334969166666671
Ga0.494In0.235Sn0.271,5.917968055555564
Ga0.345In0.338Sn0.317,6.268662777777787
Ga0.453In0.152Sn0.395,5.63505222222223
Ga0.262In0.408Sn0.330,6.624001944444452
Ga0.215In0.040Sn0.745,5.086393611111111
Ga0.076In0.209Sn0.715,4.99180166666668
Ga0.226In0.373Sn0.401,6.625828333333342
Ga0.180In0.370Sn0.450,6.530959444444453
Ga0.451In0.164Sn0.385,5.6972466666666755
Ga0.053In0.205Sn0.742,4.934131666666679
Ga0.106In0.251Sn0.643,5.459273055555569
Ga0.506In0.190Sn0.304,5.787103055555566
Ga0.399In0.332Sn0.269,6.257376944444454
Ga0.429In0.553Sn0.018,4.90286847222223
Ga0.021In0.962Sn0.017,3.7546037499999967
Ga0.476In0.095Sn0.429,5.295497777777782
Ga0.248In0.202Sn0.550,6.1021525000000105
Ga0.034In0.592Sn0.374,6.675141666666672
Ga0.158In0.818Sn0.024,4.628774861111115
Ga0.358In0.253Sn0.389,6.035209166666675
Ga0.293In0.484Sn0.223,6.491384722222226
Ga0.505In0.232Sn0.263,5.846309722222232
Ga0.382In0.308Sn0.310,6.300182222222231
Ga0.213In0.428Sn0.359,6.618869722222229
Ga0.182In0.502Sn0.316,6.888347500000001
Ga0.140In0.216Sn0.644,5.675510833333348
Ga0.583In0.005Sn0.412,4.893663888888892
Ga0.349In0.557Sn0.094,5.812545833333339
Ga0.002In0.422Sn0.576,6.327167222222225
Ga0.698In0.228Sn0.074,5.1664880555555674
Ga0.776In0.046Sn0.178,5.609451666666678
Ga0.468In0.069Sn0.463,5.228177222222224
Ga0.331In0.206Sn0.463,5.930776944444452
Ga0.369In0.417Sn0.214,6.452808055555561
Ga0.244In0.508Sn0.248,6.786952222222225
Ga0.437In0.214Sn0.349,5.8349947222222305
Ga0.345In0.161Sn0.494,5.754703055555564
Ga0.142In0.350Sn0.508,6.300104722222231
Ga0.571In0.160Sn0.269,5.518970833333342
Ga0.333In0.482Sn0.185,6.377275555555562
Ga0.504In0.151Sn0.345,5.508886944444452
Ga0.252In0.409Sn0.339,6.622858055555563
Ga0.343In0.389Sn0.268,6.451731666666675
Ga0.158In0.494Sn0.348,6.777151111111115
In0.275Sn0.725,5.22607916666668
Ga0.445In0.445Sn0.110,5.788051944444449
Ga0.402In0.094Sn0.504,5.372063055555559
Ga0.714In0.141Sn0.145,5.541633333333344
Ga0.254In0.344Sn0.402,6.513631388888898
Ga0.520In0.329Sn0.151,5.869798333333342
Ga0.049In0.769Sn0.182,5.813727222222221
Ga0.501In0.396Sn0.103,5.563514166666672
Ga0.341In0.361Sn0.298,6.430888611111119
Ga0.324In0.468Sn0.208,6.419386388888895
Ga0.138In0.444Sn0.418,6.606743888888893
Ga0.425In0.279Sn0.296,6.192210000000008
Ga0.196In0.052Sn0.752,5.02810194444444
Ga0.593In0.228Sn0.179,5.603386944444453
Ga0.365In0.296Sn0.339,6.184475277777785
Ga0.461Sn0.539,5.0947788888888885
Ga0.222In0.463Sn0.315,6.741529722222229
Ga0.214In0.508Sn0.278,6.8103369444444475
Ga0.205In0.735Sn0.060,5.349727222222227
Ga0.280In0.583Sn0.137,6.213978888888894
Ga0.384In0.370Sn0.246,6.361046944444452
Ga0.416In0.110Sn0.474,5.4489247222222295
Ga0.321In0.460Sn0.219,6.408838055555561
Ga0.291In0.357Sn0.352,6.274549722222229
Ga0.090In0.257Sn0.653,5.456146388888905
Ga0.317In0.141Sn0.542,5.701081111111119
Ga0.306In0.679Sn0.015,4.94434569444445
Ga0.104In0.062Sn0.834,4.200483055555552
Ga0.235In0.415Sn0.350,6.62989083333334
Ga0.371In0.041Sn0.588,5.318645833333331
Ga0.299In0.176Sn0.525,5.849260833333345
Ga0.002In0.413Sn0.585,6.2768505555555585
Ga0.234In0.386Sn0.380,6.597669444444453
Ga0.481In0.373Sn0.146,6.015983055555561
Ga0.467In0.533,4.585671527777785
Ga0.417In0.494Sn0.089,5.625785000000006
Ga0.137In0.301Sn0.562,6.072232222222233
In0.524Sn0.476,6.90919111111111
Ga0.434In0.092Sn0.474,5.35163666666667
Ga0.276In0.370Sn0.354,6.331859166666674
Ga0.080In0.079Sn0.841,3.9893030555555544
Ga0.230In0.241Sn0.529,6.281152222222231
Ga0.215In0.114Sn0.671,5.437423055555565
Ga0.599In0.066Sn0.335,5.150731388888893
Ga0.508In0.016Sn0.476,5.0225611111111155
Ga0.488In0.135Sn0.377,5.52743944444445
Ga0.399In0.235Sn0.366,6.012564166666676
Ga0.343In0.392Sn0.265,6.4555483333333425
Ga0.144In0.206Sn0.650,5.628316944444459
Ga0.160In0.662Sn0.178,6.252923333333336
Ga0.319In0.308Sn0.373,6.205791944444453
Ga0.473In0.293Sn0.234,6.111797777777786
Ga0.346In0.524Sn0.130,6.213620000000005
Ga0.418In0.340Sn0.242,6.260752222222232
Ga0.173In0.387Sn0.440,6.639777777777783
Ga0.211In0.471Sn0.318,6.739629166666672
Ga0.361In0.327Sn0.312,6.292942777777788
Ga0.353In0.424Sn0.223,6.450196944444451
Ga0.664In0.324Sn0.012,4.597737638888901
Ga0.217In0.078Sn0.705,5.275485000000001
Ga0.334In0.326Sn0.340,6.165720277777787
Ga0.213In0.015Sn0.772,5.003071111111112
Ga0.510In0.049Sn0.441,5.065279444444445
Ga0.040In0.173Sn0.787,4.659281666666681
Ga0.004In0.638Sn0.358,6.646855000000006
Ga0.266In0.381Sn0.353,6.406247500000008
Ga0.832In0.063Sn0.105,5.721306666666682
Ga0.198In0.413Sn0.389,6.636781944444452
Ga0.295In0.327Sn0.378,6.1721302777777876
Ga0.271In0.461Sn0.268,6.575428333333339
Ga0.717In0.005Sn0.278,5.225630277777786
Ga0.087In0.479Sn0.434,6.618429722222224
Ga0.326In0.176Sn0.498,5.760215833333342
Ga0.248In0.068Sn0.684,5.196647500000001
Ga0.315In0.395Sn0.290,6.450065277777786
Ga0.475In0.268Sn0.257,5.961225833333343
Ga0.324In0.214Sn0.462,5.8857486111111195
Ga0.595In0.318Sn0.087,5.111705000000006
Ga0.297In0.285Sn0.418,6.140525277777787
Ga0.480In0.369Sn0.151,6.027910277777784
Ga0.643In0.272Sn0.085,5.133602777777788
Ga0.343In0.342Sn0.315,6.295059166666677
Ga0.559In0.274Sn0.167,5.697328055555563
Ga0.273In0.186Sn0.541,5.999490555555567
Ga0.323In0.349Sn0.328,6.266232222222232
Ga0.335In0.426Sn0.239,6.438307500000006
Ga0.050In0.749Sn0.201,6.069576111111109
Ga0.412In0.347Sn0.241,6.275450000000009
Ga0.036In0.592Sn0.372,6.660704166666672
Ga0.337In0.032Sn0.631,5.181590000000002
Ga0.606In0.363Sn0.031,4.681410416666674
Ga0.471In0.094Sn0.435,5.25388666666667
Ga0.568In0.348Sn0.084,5.146883888888896
Ga0.060In0.069Sn0.871,3.9878663888888894
Ga0.364In0.217Sn0.419,6.020993611111119
Ga0.378In0.308Sn0.314,6.282682222222231
Ga0.483In0.470Sn0.047,5.012718611111119
Ga0.186In0.458Sn0.356,6.669394166666672
Ga0.662In0.031Sn0.307,5.094425555555563
Ga0.431In0.174Sn0.395,5.785483333333342
Ga0.485In0.111Sn0.404,5.41915805555556
Ga0.468In0.253Sn0.279,5.953805000000009
Ga0.352In0.411Sn0.237,6.477888611111118
Ga0.294In0.356Sn0.350,6.272999722222229
Ga0.075In0.342Sn0.583,5.887333611111119
Ga0.260In0.438Sn0.302,6.721590833333339
Ga0.323In0.317Sn0.360,6.145354722222232
Ga0.367In0.437Sn0.196,6.442595000000006
Ga0.095In0.423Sn0.482,6.40897027777778
Ga0.387In0.251Sn0.362,5.998005833333343
Ga0.571In0.137Sn0.292,5.406433611111118
Ga0.490In0.238Sn0.272,5.964743055555565
Ga0.216In0.549Sn0.235,6.6358994444444495
Ga0.218In0.644Sn0.138,6.161063888888894
Ga0.166In0.259Sn0.575,6.1517033333333435
Ga0.328In0.134Sn0.538,5.674149166666674
Ga0.086In0.417Sn0.497,6.393456666666669
Ga0.612In0.254Sn0.134,5.560854166666676
Ga0.371In0.356Sn0.273,6.429873888888897
Ga0.137In0.553Sn0.310,6.667143333333338
Ga0.556In0.303Sn0.141,5.769341666666673
Ga0.352In0.151Sn0.497,5.705261944444452
Ga0.277In0.502Sn0.221,6.6417750000000035
Ga0.140In0.819Sn0.041,4.634790833333336
Ga0.269In0.128Sn0.603,5.651322777777789
Ga0.437In0.002Sn0.561,5.185377500000002
Ga0.524In0.133Sn0.343,5.392788055555561
Ga0.509In0.445Sn0.046,5.0027825000000075
Ga0.584In0.395Sn0.021,4.552900694444452
Ga0.075In0.328Sn0.597,5.805049444444455
Ga0.360In0.378Sn0.262,6.436486666666675
Ga0.319In0.314Sn0.367,6.1662058333333425
Ga0.109In0.354Sn0.537,6.192673611111119
Ga0.149In0.351Sn0.500,6.405995833333342
Ga0.361In0.554Sn0.085,5.671370833333338
Ga0.574In0.219Sn0.207,5.747661388888898
Ga0.311In0.446Sn0.243,6.490598055555562
Ga0.301In0.054Sn0.645,5.193391944444444
Ga0.558In0.183Sn0.259,5.629225833333344
Ga0.512In0.315Sn0.173,5.871107500000008
Ga0.697In0.020Sn0.283,5.188239166666676
Ga0.340In0.256Sn0.404,6.09632972222223
Ga0.115In0.264Sn0.621,5.714490555555568
Ga0.231In0.367Sn0.402,6.606382777777785
Ga0.257In0.411Sn0.332,6.6509858333333405
Ga0.066In0.577Sn0.357,6.546904444444449
Ga0.370In0.127Sn0.503,5.5736616666666725
Ga0.459In0.398Sn0.143,6.074998888888894
Ga0.128In0.423Sn0.449,6.469526111111114
Ga0.382In0.469Sn0.149,6.271665000000007
Ga0.093In0.260Sn0.647,5.509302500000013
Ga0.477In0.210Sn0.313,5.898526111111121
Ga0.243In0.474Sn0.283,6.73892694444445
Ga0.274In0.495Sn0.231,6.658672777777781
Ga0.181In0.451Sn0.368,6.604256388888894
Ga0.233In0.190Sn0.577,6.132872500000011
Ga0.107In0.459Sn0.434,6.48474416666667
Ga0.537In0.332Sn0.131,5.695614722222229
Ga0.387In0.347Sn0.266,6.345945277777787
Ga0.365In0.329Sn0.306,6.3091372222222315
Ga0.437In0.361Sn0.202,6.258476944444452
Ga0.222In0.138Sn0.640,5.6597530555555675
Ga0.767In0.177Sn0.056,5.356155694444458
Ga0.454In0.340Sn0.206,6.144861666666674
Ga0.373In0.339Sn0.288,6.341162222222231
Ga0.125In0.407Sn0.468,6.480098333333338
Ga0.456In0.467Sn0.077,5.40049305555556
Ga0.425In0.399Sn0.176,6.2092850000000075
Ga0.403In0.306Sn0.291,6.222308888888897
Ga0.525In0.447Sn0.028,4.7397969444444525
Ga0.431In0.064Sn0.505,5.32027888888889
Ga0.095In0.361Sn0.544,6.185580277777785
Ga0.282In0.353Sn0.365,6.279037222222231
Ga0.194In0.233Sn0.573,6.1725713888888984
Ga0.040In0.941Sn0.019,3.906850694444445
Ga0.419In0.460Sn0.121,5.963991944444451
Ga0.300In0.602Sn0.098,5.807703888888892
Ga0.481In0.045Sn0.474,5.0584508333333345
Ga0.060In0.617Sn0.323,6.660811388888893
Ga0.333In0.350Sn0.317,6.298943888888899
Ga0.676In0.030Sn0.294,5.120140000000008
Ga0.413In0.164Sn0.423,5.70289722222223
Ga0.581In0.415Sn0.004,4.378593888888897
Ga0.602In0.025Sn0.373,5.0189838888888945
Ga0.349In0.431Sn0.220,6.471452500000006
Ga0.338In0.319Sn0.343,6.175373055555563
Ga0.138In0.343Sn0.519,6.234673333333342
Ga0.591In0.064Sn0.345,5.1041441666666705
Ga0.794In0.018Sn0.188,5.728267222222237
Ga0.337In0.325Sn0.338,6.1764536111111195
Ga0.411In0.175Sn0.414,5.8169666666666755
Ga0.431In0.317Sn0.252,6.205380555555565
Ga0.226In0.690Sn0.084,5.623779444444449
Ga0.353In0.088Sn0.559,5.472761666666668
Ga0.511In0.306Sn0.183,5.9052130555555635
Ga0.202In0.383Sn0.415,6.621876666666674
Ga0.510In0.187Sn0.303,5.773452222222232
Ga0.703In0.099Sn0.198,5.499344722222232
Ga0.259In0.084Sn0.657,5.31340777777778
Ga0.109In0.374Sn0.517,6.232335000000006
Ga0.142In0.814Sn0.044,4.660172500000005
Ga0.491In0.224Sn0.285,5.913843611111119
Ga0.376In0.211Sn0.413,5.9938569444444525
Ga0.240In0.518Sn0.242,6.726480000000004
Ga0.328In0.129Sn0.543,5.622953611111116
Ga0.339In0.332Sn0.329,6.23562111111112
Ga0.304In0.319Sn0.377,6.2449802777777865
Ga0.400In0.586Sn0.014,4.899601250000007
Ga0.320In0.389Sn0.291,6.451293055555563
Ga0.323In0.373Sn0.304,6.402993611111119
Ga0.408In0.077Sn0.515,5.355351388888891
Ga0.531In0.388Sn0.081,5.267525833333338
Ga0.805In0.053Sn0.142,5.782603611111124
Ga0.595In0.049Sn0.356,4.98135305555556
Ga0.171In0.525Sn0.304,6.799262222222224
Ga0.089In0.850Sn0.061,4.66619791666667
Ga0.521In0.259Sn0.220,5.857759166666676
Ga0.203In0.257Sn0.540,6.250298611111121
Ga0.370In0.401Sn0.229,6.457976944444451
Ga0.221In0.201Sn0.578,6.119430277777789
Ga0.319In0.278Sn0.403,6.186178611111118
Ga0.317In0.632Sn0.051,5.327699861111117
Ga0.309In0.377Sn0.314,6.423178611111121
Ga0.250In0.354Sn0.396,6.499006944444455
Ga0.131In0.593Sn0.276,6.488491111111116
Ga0.286In0.650Sn0.064,5.452624722222227
Ga0.328In0.343Sn0.329,6.253225277777788
Ga0.076In0.192Sn0.732,4.883995000000012
Ga0.106In0.561Sn0.333,6.57715666666667
Ga0.286In0.313Sn0.401,6.270748055555563
Ga0.594In0.171Sn0.235,5.606499444444455
Ga0.498In0.342Sn0.160,5.883270555555563
Ga0.040In0.366Sn0.594,5.995408888888897
Ga0.195In0.382Sn0.423,6.629151666666673
Ga0.368In0.145Sn0.487,5.6373413888888955
Ga0.218In0.683Sn0.099,5.772222777777781
Ga0.061In0.589Sn0.350,6.654639166666672
Ga0.086In0.502Sn0.412,6.713208055555556
Ga0.467In0.363Sn0.170,5.985498055555563
Ga0.454In0.187Sn0.359,5.7785455555555645
Ga0.092In0.368Sn0.540,6.177559166666673
Ga0.478In0.121Sn0.401,5.4670769444444485
Ga0.204In0.486Sn0.310,6.832014722222226
Ga0.198In0.321Sn0.481,6.416184444444453
Ga0.208In0.509Sn0.283,6.788384166666669
Ga0.294In0.348Sn0.358,6.184703333333343
Ga0.511In0.269Sn0.220,5.917920000000009
Ga0.272In0.451Sn0.277,6.541204722222227
Ga0.620In0.065Sn0.315,5.084976111111117
Ga0.027In0.450Sn0.523,6.536505833333336
Ga0.223In0.441Sn0.336,6.690930277777782
Ga0.655In0.274Sn0.071,5.0824894444444535
Ga0.189In0.714Sn0.097,5.615490833333337
Ga0.447In0.449Sn0.104,5.709125833333338
Ga0.360In0.514Sn0.126,6.188224722222227
Ga0.404In0.052Sn0.544,5.2120469444444435
Ga0.286In0.012Sn0.702,5.1388458333333356
Ga0.271In0.085Sn0.644,5.3249777777777805
Ga0.370In0.246Sn0.384,6.047792500000009
Ga0.301In0.303Sn0.396,6.165078055555565
Ga0.607In0.041Sn0.352,5.012140000000005
Ga0.411In0.339Sn0.250,6.200432777777787
Ga0.045In0.558Sn0.397,6.691143055555558
Ga0.220In0.303Sn0.477,6.383075000000007
Ga0.466In0.015Sn0.519,5.132997500000002
Ga0.556In0.363Sn0.081,5.178186944444451
Ga0.092In0.538Sn0.370,6.6113933333333375
Ga0.498In0.282Sn0.220,5.968226111111121
Ga0.237In0.444Sn0.319,6.7290675000000055
Ga0.479In0.072Sn0.449,5.2266344444444455
Ga0.286In0.376Sn0.338,6.319395833333339
Ga0.351In0.300Sn0.349,6.187656388888897
Ga0.282In0.331Sn0.387,6.197366388888898
Ga0.257In0.400Sn0.343,6.589733055555563
Ga0.548In0.209Sn0.243,5.810605277777788
Ga0.007In0.536Sn0.457,6.854605
Ga0.255In0.556Sn0.189,6.554078888888895
Ga0.500In0.335Sn0.165,5.885388055555564
Ga0.511In0.345Sn0.144,5.9003558333333395
Ga0.252In0.170Sn0.578,5.945275000000013
Ga0.166In0.467Sn0.367,6.652531666666672
Ga0.050In0.692Sn0.258,6.436056944444448
Ga0.389In0.052Sn0.559,5.2870858333333315
Ga0.163In0.796Sn0.041,4.838543888888893
Ga0.571In0.372Sn0.057,4.93608722222223
Ga0.593In0.253Sn0.154,5.67590750000001
Ga0.050In0.448Sn0.502,6.571684166666667
Ga0.662In0.067Sn0.271,5.247096944444452
Ga0.107In0.259Sn0.634,5.521860555555569
Ga0.329In0.540Sn0.131,6.131732777777784
Ga0.283In0.574Sn0.143,6.306754444444449
Ga0.182In0.475Sn0.343,6.73403194444445
Ga0.501In0.426Sn0.073,5.236015000000004
Ga0.489In0.413Sn0.098,5.578721388888894
Ga0.295In0.348Sn0.357,6.196436666666676
Ga0.394In0.461Sn0.145,6.221356111111117
Ga0.423In0.332Sn0.245,6.22820000000001
Ga0.288In0.023Sn0.689,5.109582222222225
Ga0.611In0.135Sn0.254,5.43147500000001
Ga0.500In0.472Sn0.028,4.770129444444452
Ga0.329In0.333Sn0.338,6.173325277777786
Ga0.391In0.336Sn0.273,6.313303055555565
Ga0.151In0.538Sn0.311,6.757560555555558
Ga0.403In0.058Sn0.539,5.281197222222222
Ga0.002In0.723Sn0.275,6.482078888888891
Ga0.304In0.496Sn0.200,6.563885277777783
Ga0.219In0.409Sn0.372,6.652031388888896
Ga0.125In0.625Sn0.250,6.351802500000002
Ga0.149In0.575Sn0.276,6.608994444444448
Ga0.417In0.350Sn0.233,6.30317611111112
Ga0.287In0.321Sn0.392,6.2035558333333425
Ga0.350In0.423Sn0.227,6.45244694444445
Ga0.111In0.488Sn0.401,6.709667500000004
Ga0.268In0.161Sn0.571,5.8532347222222345
Ga0.115In0.616Sn0.269,6.449229722222226
Ga0.368In0.408Sn0.224,6.465424166666674
Ga0.482In0.313Sn0.205,6.084667500000008
Ga0.464In0.391Sn0.145,6.0811063888888945
Ga0.410In0.362Sn0.228,6.278360277777786
Ga0.355In0.549Sn0.096,5.859400000000006
Ga0.443In0.185Sn0.372,5.848379444444453
Ga0.367In0.099Sn0.534,5.510272222222226
Ga0.201In0.230Sn0.569,6.164390833333344
Ga0.271In0.633Sn0.096,5.738042500000003
Ga0.128In0.318Sn0.554,6.1110427777777865
Ga0.217In0.596Sn0.187,6.459905555555561
Ga0.330In0.148Sn0.522,5.761566388888897
Ga0.364In0.622Sn0.014,4.989621805555562
Ga0.465In0.168Sn0.367,5.681235000000009
Ga0.415In0.223Sn0.362,5.935099722222231
Ga0.347In0.279Sn0.374,6.169433611111119
Ga0.471In0.146Sn0.383,5.571130000000006
Ga0.628In0.100Sn0.272,5.283902222222233
Ga0.603In0.360Sn0.037,4.8073315277777855
Ga0.440In0.270Sn0.290,6.069482777777786
Ga0.508In0.170Sn0.322,5.603243333333343
Ga0.504In0.300Sn0.196,6.006751111111119
Ga0.325In0.421Sn0.254,6.426743055555562
Ga0.737In0.145Sn0.118,5.604104444444455
Ga0.350In0.039Sn0.611,5.27683638888889
Ga0.496In0.125Sn0.379,5.423134444444449
Ga0.126In0.450Sn0.424,6.572057222222225
Ga0.311In0.147Sn0.542,5.729827222222232
Ga0.313In0.452Sn0.235,6.417076388888895
Ga0.353In0.350Sn0.297,6.40581611111112
Ga0.066In0.463Sn0.471,6.565926388888891
Ga0.146In0.198Sn0.656,5.61134444444446
Ga0.533In0.036Sn0.431,5.0007300000000035
Ga0.457In0.085Sn0.458,5.257291666666669
Ga0.333In0.302Sn0.365,6.171834166666675
Ga0.337In0.214Sn0.449,5.923363055555563
Ga0.313In0.208Sn0.479,5.895880277777786
Ga0.016In0.545Sn0.439,6.770844444444446
Ga0.039In0.880Sn0.081,4.702298888888891
Ga0.038In0.890Sn0.072,4.606250972222223
Ga0.299In0.437Sn0.264,6.4516022222222285
Ga0.061In0.462Sn0.477,6.659131666666668
Ga0.093In0.165Sn0.742,4.861107222222237
Ga0.214In0.007Sn0.779,5.007144166666666
Ga0.016In0.405Sn0.579,6.225996944444448
Ga0.332In0.634Sn0.034,5.14059597222223
Ga0.114In0.251Sn0.635,5.609609444444458
Ga0.354In0.077Sn0.569,5.464655
Ga0.359In0.417Sn0.224,6.47559083333334
Ga0.052In0.346Sn0.602,5.904970277777789
Ga0.122In0.815Sn0.063,4.761292500000003
Ga0.280In0.509Sn0.211,6.611359444444448
Ga0.352In0.045Sn0.603,5.304820555555555
Ga0.431In0.412Sn0.157,6.182846111111118
Ga0.024In0.419Sn0.557,6.338357500000003
Ga0.255In0.581Sn0.164,6.490365000000006
Ga0.371In0.330Sn0.299,6.320440555555565
Ga0.071In0.488Sn0.441,6.678564166666669
Ga0.367In0.436Sn0.197,6.449005555555562
Ga0.543In0.119Sn0.338,5.297540277777784
Ga0.131In0.431Sn0.438,6.528211111111114
Ga0.268In0.315Sn0.417,6.332466666666676
Ga0.551In0.427Sn0.022,4.671575555555563
Ga0.546In0.430Sn0.024,4.713394444444452
Ga0.257In0.362Sn0.381,6.509808888888898
Ga0.476In0.066Sn0.458,5.177503055555557
Ga0.418In0.406Sn0.176,6.216301666666674
Ga0.503In0.363Sn0.134,5.7962744444444505
Ga0.060In0.490Sn0.450,6.7789188888888905
Ga0.223In0.197Sn0.580,6.132158611111122
Ga0.517In0.272Sn0.211,5.9477891666666745
Ga0.472In0.026Sn0.502,5.069736944444448
Ga0.470In0.364Sn0.166,6.003511944444452
Ga0.471In0.507Sn0.022,4.816020000000009
Ga0.225In0.424Sn0.351,6.644335833333339
Ga0.536In0.087Sn0.377,5.233786111111114
Ga0.035In0.898Sn0.067,4.59023638888889
Ga0.420In0.366Sn0.214,6.312335277777785
Ga0.309In0.325Sn0.366,6.192044166666676
Ga0.556In0.290Sn0.154,5.826357777777786
Ga0.433In0.149Sn0.418,5.676888888888894
Ga0.301In0.610Sn0.089,5.663885555555561
Ga0.328In0.224Sn0.448,5.918310833333341
Ga0.390In0.482Sn0.128,6.105276388888894
Ga0.523In0.154Sn0.323,5.501356388888897
Ga0.455In0.025Sn0.520,5.135048611111113
Ga0.299In0.477Sn0.224,6.467696388888894
Ga0.227In0.513Sn0.260,6.819215277777782
Ga0.379In0.230Sn0.391,6.0072713888888964
Ga0.769In0.226Sn0.005,5.05638208333335
Ga0.212In0.105Sn0.683,5.359693055555565
Ga0.276In0.438Sn0.286,6.562290277777782
Ga0.439In0.188Sn0.373,5.8437438888888975
Ga0.394In0.376Sn0.230,6.391972500000008
Ga0.634In0.294Sn0.072,5.081786388888897
Ga0.359In0.201Sn0.440,5.973017500000008
Ga0.329In0.289Sn0.382,6.157448055555565
Ga0.331In0.474Sn0.195,6.432408055555561
Ga0.414In0.022Sn0.564,5.283615833333334
Ga0.210In0.673Sn0.117,5.894993611111115
Ga0.413In0.570Sn0.017,4.882972638888895
Ga0.270In0.616Sn0.114,5.99194944444445
Ga0.214In0.554Sn0.232,6.60137305555556
Ga0.165In0.410Sn0.425,6.683032222222227
Ga0.382In0.305Sn0.313,6.300465555555565
Ga0.294In0.377Sn0.329,6.331139722222229
Ga0.081In0.827Sn0.092,4.775613333333337
Ga0.142In0.359Sn0.499,6.395247777777785
Ga0.123In0.437Sn0.440,6.571371666666669
Ga0.406In0.301Sn0.293,6.252283888888897
Ga0.307In0.474Sn0.219,6.48496305555556
Ga0.454In0.113Sn0.433,5.384461388888896
Ga0.126In0.685Sn0.189,6.1055277777777786
Ga0.347In0.381Sn0.272,6.463308888888897
Ga0.183In0.155Sn0.662,5.567039444444461
Ga0.407In0.409Sn0.184,6.2433716666666745
Ga0.082In0.458Sn0.460,6.413723611111113
Ga0.367In0.157Sn0.476,5.680608333333342
Ga0.251In0.065Sn0.684,5.184859444444444
Ga0.319In0.349Sn0.332,6.266346666666677
Ga0.421In0.019Sn0.560,5.291001666666667
Ga0.191In0.396Sn0.413,6.655973611111118
Ga0.190In0.182Sn0.628,5.879871111111126
Ga0.449In0.013Sn0.538,5.179763888888891
Ga0.333In0.359Sn0.308,6.40953361111112
Ga0.455In0.341Sn0.204,6.140207500000008
Ga0.415In0.078Sn0.507,5.386546388888891
Ga0.336In0.194Sn0.470,5.87283972222223
Ga0.414In0.500Sn0.086,5.570600277777782
Ga0.214In0.570Sn0.216,6.564267500000005
Ga0.546In0.264Sn0.190,5.838115277777788
Ga0.166In0.834,4.4868925000000015
Ga0.149In0.361Sn0.490,6.45552833333334
Ga0.234In0.190Sn0.576,6.142189166666677
Ga0.166In0.409Sn0.425,6.683032222222227
Ga0.416In0.346Sn0.238,6.276812222222231
Ga0.617In0.278Sn0.105,5.3388494444444525
Ga0.379In0.302Sn0.319,6.236048888888897
Ga0.046In0.591Sn0.363,6.655849166666672
Ga0.019In0.774Sn0.207,5.976429444444444
Ga0.633In0.142Sn0.225,5.4970177777777876
Ga0.393In0.343Sn0.264,6.331741111111121
Ga0.287In0.373Sn0.340,6.307549166666673
Ga0.514In0.318Sn0.168,5.841188611111119
Ga0.222In0.481Sn0.297,6.817157500000006
Ga0.614In0.050Sn0.336,5.044062222222227
Ga0.175In0.490Sn0.335,6.821398888888893
Ga0.494In0.062Sn0.444,5.167982222222222
Ga0.439In0.447Sn0.114,5.762140833333338
Ga0.545In0.156Sn0.299,5.574256388888897
Ga0.167In0.425Sn0.408,6.723448333333336
Ga0.252In0.175Sn0.573,5.983308333333346
Ga0.169In0.436Sn0.395,6.685928888888893
Ga0.107In0.394Sn0.499,6.297832222222226
Ga0.307In0.292Sn0.401,6.297625833333342
Ga0.668In0.279Sn0.053,4.906555694444455
Ga0.331In0.255Sn0.414,6.065978055555565
Ga0.748In0.043Sn0.209,5.586346388888901
Ga0.268In0.574Sn0.158,6.388267777777782
Ga0.534In0.199Sn0.267,5.7785566666666766
Ga0.610In0.252Sn0.138,5.577033611111121
Ga0.246In0.067Sn0.687,5.212532777777777
Ga0.062In0.279Sn0.659,5.502527222222236
Ga0.275In0.214Sn0.511,5.996435000000008
Ga0.102In0.598Sn0.300,6.561048888888893
Ga0.339In0.526Sn0.135,6.205800277777784
Ga0.304In0.248Sn0.448,6.0515380555555645
Ga0.282In0.411Sn0.307,6.5314919444444515
Ga0.344In0.310Sn0.346,6.18311472222223
Ga0.251In0.028Sn0.721,5.128218611111113
Ga0.190In0.362Sn0.448,6.577342777777786
Ga0.085In0.831Sn0.084,4.782559166666672
Ga0.471In0.364Sn0.165,6.003511944444452
Ga0.529In0.042Sn0.429,5.015233611111112
Ga0.377In0.535Sn0.088,5.639924166666671
Ga0.442In0.331Sn0.227,6.151086666666676
Ga0.428In0.421Sn0.151,6.195037777777784
Ga0.431In0.278Sn0.291,6.159868888888897
Ga0.633In0.191Sn0.176,5.6153069444444546
Ga0.160In0.473Sn0.367,6.693992777777783
Ga0.269In0.414Sn0.317,6.527479722222229
Ga0.085In0.715Sn0.200,6.1289266666666675
Ga0.326In0.581Sn0.093,5.73250055555556
Ga0.360In0.530Sn0.110,6.010206666666672
Ga0.148In0.475Sn0.377,6.726713888888893
Ga0.157In0.418Sn0.425,6.696446111111116
Ga0.310In0.195Sn0.495,5.9020077777777855
Ga0.329In0.240Sn0.431,6.042976944444454
Ga0.378In0.487Sn0.135,6.2252038888888945
Ga0.385In0.331Sn0.284,6.304393333333342
Ga0.412In0.404Sn0.184,6.247728888888896
Ga0.364In0.285Sn0.351,6.132133611111119
Ga0.311In0.202Sn0.487,5.898296666666675
Ga0.460In0.327Sn0.213,6.094470555555564
Ga0.105In0.288Sn0.607,5.745328333333345
Ga0.305In0.528Sn0.167,6.381365833333339
Ga0.477In0.371Sn0.152,6.039300833333339
Ga0.215In0.441Sn0.344,6.679329722222227
Ga0.403In0.009Sn0.588,5.2460008333333334
Ga0.499In0.149Sn0.352,5.483090833333339
Ga0.438In0.138Sn0.424,5.518355000000005
Ga0.499In0.239Sn0.262,5.869112500000011
Ga0.413In0.446Sn0.141,6.167198333333339
Ga0.508In0.457Sn0.035,4.8736372222222295
Ga0.714In0.274Sn0.012,4.742596250000013
Ga0.066In0.325Sn0.609,5.791486666666677
Ga0.509In0.274Sn0.217,5.939728888888897
Ga0.408In0.281Sn0.311,6.169572222222231
Ga0.483In0.426Sn0.091,5.508607222222227
Ga0.438In0.399Sn0.163,6.146690555555563
Ga0.697In0.206Sn0.097,5.401398333333346
Ga0.314In0.057Sn0.629,5.257180277777777
Ga0.148In0.132Sn0.720,5.157694444444456
Ga0.057In0.497Sn0.446,6.82186388888889
Ga0.344In0.132Sn0.524,5.659551666666671
Ga0.294In0.355Sn0.351,6.254416388888896
Ga0.448In0.117Sn0.435,5.3915380555555625
Ga0.447In0.298Sn0.255,6.127791666666676
Ga0.037In0.570Sn0.393,6.688101388888891
Ga0.278In0.440Sn0.282,6.55156305555556
Ga0.290In0.265Sn0.445,6.109091388888897
Ga0.099In0.342Sn0.559,6.0163263888888965
Ga0.334In0.471Sn0.195,6.407808055555562
Ga0.294In0.045Sn0.661,5.079170833333334
Ga0.767In0.154Sn0.079,5.527330277777791
Ga0.268In0.288Sn0.444,6.284488333333341
Ga0.609In0.283Sn0.108,5.385306666666674
Ga0.274In0.361Sn0.365,6.379238055555565
Ga0.331In0.347Sn0.322,6.290027222222232
Ga0.234In0.125Sn0.641,5.589938888888897
Ga0.403In0.583Sn0.014,4.877103194444451
Ga0.498In0.461Sn0.041,4.946290833333341
Ga0.355In0.323Sn0.322,6.262985000000009
Ga0.340In0.370Sn0.290,6.399844166666673
Ga0.436In0.283Sn0.281,6.194188888888897
Ga0.117In0.178Sn0.705,5.213918611111131
Ga0.438In0.304Sn0.258,6.131638888888898
Ga0.294In0.270Sn0.436,6.079286944444452
Ga0.207In0.379Sn0.414,6.603049444444451
Ga0.171In0.260Sn0.569,6.188492222222232
Ga0.141In0.415Sn0.444,6.541378333333339
Ga0.297In0.234Sn0.469,5.899490833333341
Ga0.393In0.282Sn0.325,6.195651666666675
Ga0.274In0.388Sn0.338,6.450202500000007
Ga0.355In0.335Sn0.310,6.316996111111122
Ga0.471In0.314Sn0.215,6.0661122222222295
Ga0.190In0.480Sn0.330,6.789781944444449
Ga0.369In0.368Sn0.263,6.418053333333342
Ga0.583In0.286Sn0.131,5.550217222222228
Ga0.477In0.179Sn0.344,5.663162777777786
Ga0.118In0.156Sn0.726,5.0195647222222375
Ga0.167In0.549Sn0.284,6.642451111111114
Ga0.165In0.443Sn0.392,6.669164444444449
Ga0.375In0.459Sn0.166,6.269039444444452
Ga0.304In0.135Sn0.561,5.686604166666676
Ga0.119In0.563Sn0.318,6.67661555555556
Ga0.496In0.187Sn0.317,5.727057777777787
Ga0.275In0.361Sn0.364,6.359571388888897
Ga0.308In0.539Sn0.153,6.407026944444451
Ga0.211In0.274Sn0.515,6.275798888888898
Ga0.130In0.699Sn0.171,6.006672777777781
Ga0.474In0.088Sn0.438,5.240842222222224
Ga0.158In0.351Sn0.491,6.511715833333342
Ga0.161In0.280Sn0.559,6.240267777777786
Ga0.576In0.236Sn0.188,5.681713055555564
Ga0.295In0.358Sn0.347,6.277666388888896
Ga0.492In0.368Sn0.140,5.999278888888895
Ga0.088In0.614Sn0.298,6.562583888888894
Ga0.258In0.679Sn0.063,5.58144083333334
Ga0.036In0.316Sn0.648,5.642303333333346
Ga0.466In0.201Sn0.333,5.859261388888898
Ga0.193In0.676Sn0.131,5.990472222222228
Ga0.464In0.483Sn0.053,5.108763888888897
Ga0.691In0.200Sn0.109,5.495595277777789
Ga0.318In0.381Sn0.301,6.44552861111112
Ga0.352In0.274Sn0.374,6.146828055555563
Ga0.455In0.331Sn0.214,6.1116705555555635
Ga0.258In0.387Sn0.355,6.540009166666674
Ga0.305In0.378Sn0.317,6.395800833333342
Ga0.056In0.194Sn0.750,4.897787222222235
Ga0.107In0.310Sn0.583,5.8564622222222305
Ga0.422In0.435Sn0.143,6.176626666666672
Ga0.110In0.241Sn0.649,5.519561944444458
Ga0.091In0.255Sn0.654,5.442034166666682
Ga0.044In0.444Sn0.512,6.500360000000002
Ga0.265In0.316Sn0.419,6.336950000000009
Ga0.499In0.332Sn0.169,5.861776388888897
Ga0.358In0.039Sn0.603,5.316311111111112
Ga0.330In0.279Sn0.391,6.132147500000007
Ga0.397In0.585Sn0.018,4.956497638888897
Ga0.298In0.502Sn0.200,6.536559722222227
Ga0.449In0.484Sn0.067,5.434870833333338
Ga0.295In0.238Sn0.467,5.96326472222223
Ga0.382In0.290Sn0.328,6.2096461111111205
Ga0.149In0.522Sn0.329,6.809761111111112
Ga0.200In0.217Sn0.583,6.127560277777788
Ga0.162In0.438Sn0.400,6.727520555555559
Ga0.318In0.377Sn0.305,6.414840277777786
Ga0.370In0.272Sn0.358,6.090279166666675
Ga0.270In0.394Sn0.336,6.465327500000007
Ga0.244In0.185Sn0.571,6.115574444444455
Ga0.367In0.463Sn0.170,6.287350555555562
Ga0.388In0.198Sn0.414,5.990109722222231
Ga0.359In0.309Sn0.332,6.244430833333341
Ga0.852In0.147Sn0.001,5.249408750000023
Ga0.389In0.194Sn0.417,5.979384722222231
Ga0.806In0.044Sn0.150,5.768828888888904
Ga0.297In0.469Sn0.234,6.454760277777783
Ga0.071In0.552Sn0.377,6.5965038888888925
Ga0.314In0.185Sn0.501,5.873845277777787
Ga0.443In0.301Sn0.256,6.127791666666676
Ga0.132In0.685Sn0.183,6.061031111111113
Ga0.325In0.332Sn0.343,6.149883611111119
Ga0.153In0.485Sn0.362,6.739780000000004
Ga0.299In0.416Sn0.285,6.420833611111117
Ga0.196In0.426Sn0.378,6.683781388888894
Ga0.475In0.084Sn0.441,5.256407222222224
Ga0.420In0.023Sn0.557,5.298081111111112
Ga0.449In0.370Sn0.181,6.09008972222223
Ga0.564In0.342Sn0.094,5.284412500000008
Ga0.402In0.367Sn0.231,6.322124166666674
Ga0.516In0.305Sn0.179,5.8606066666666745
Ga0.425In0.098Sn0.477,5.418790000000006
Ga0.294In0.015Sn0.691,5.049787222222227
Ga0.458In0.219Sn0.323,5.871089444444452
Ga0.231In0.405Sn0.364,6.636443055555563
Ga0.420In0.012Sn0.568,5.302535833333334
Ga0.350In0.286Sn0.364,6.163959166666675
Ga0.152In0.544Sn0.304,6.754645000000004
Ga0.296In0.339Sn0.365,6.126033055555566
Ga0.467In0.036Sn0.497,5.0978680555555576
Ga0.386In0.399Sn0.215,6.423803055555562
Ga0.275In0.553Sn0.172,6.351607222222228
Ga0.505In0.223Sn0.272,5.833879166666676
Ga0.033In0.278Sn0.689,5.342270000000015
Ga0.142In0.507Sn0.351,6.765943888888891
Ga0.378In0.108Sn0.514,5.50846444444445
Ga0.257In0.215Sn0.528,6.134137222222233
Ga0.408In0.187Sn0.405,5.9209338888888965
Ga0.356In0.331Sn0.313,6.3278038888889
Ga0.521In0.061Sn0.418,5.1487066666666665
Ga0.298In0.372Sn0.330,6.318276388888896
Ga0.408In0.207Sn0.385,5.918096944444453
Ga0.269In0.404Sn0.327,6.55451583333334
Ga0.318In0.352Sn0.330,6.313462777777787
Ga0.064In0.573Sn0.363,6.586860000000004
Ga0.540In0.204Sn0.256,5.744946944444454
Ga0.463In0.359Sn0.178,6.03800972222223
Ga0.190In0.416Sn0.394,6.643404166666673
Ga0.364In0.462Sn0.174,6.278225000000007
Ga0.765In0.094Sn0.141,5.751383888888899
Ga0.466In0.341Sn0.193,6.087837500000008
Ga0.274In0.226Sn0.500,6.03319611111112
Ga0.420In0.088Sn0.492,5.363059166666669
Ga0.280In0.227Sn0.493,5.964535555555562
Ga0.453In0.097Sn0.450,5.377887777777784
Ga0.158In0.259Sn0.583,6.130947777777788
Ga0.389In0.195Sn0.416,5.979384722222231
Ga0.437In0.020Sn0.543,5.212773333333336
Ga0.354In0.140Sn0.506,5.668776388888895
Ga0.489In0.443Sn0.068,5.340317222222227
Ga0.506In0.340Sn0.154,5.907401388888897
Ga0.584In0.049Sn0.367,4.984441388888893
Ga0.450In0.131Sn0.419,5.4978247222222265
Ga0.300In0.353Sn0.347,6.21374611111112
Ga0.286In0.317Sn0.397,6.210230833333342
Ga0.366In0.578Sn0.056,5.413617777777784
Ga0.479In0.352Sn0.169,5.97753333333334
Ga0.533In0.369Sn0.098,5.515858611111116
Ga0.612In0.322Sn0.066,5.07297222222223
Ga0.326In0.450Sn0.224,6.375671388888895
Ga0.340In0.162Sn0.498,5.729541944444452
Ga0.338In0.287Sn0.375,6.162845277777786
Ga0.679Sn0.321,5.006458333333339
Ga0.369In0.626Sn0.005,4.858697361111118
Ga0.269In0.316Sn0.415,6.323900000000009
Ga0.492In0.308Sn0.200,6.078141944444453
Ga0.539In0.416Sn0.045,4.907138333333341
Ga0.342In0.421Sn0.237,6.423008055555561
Ga0.396In0.303Sn0.301,6.296853333333343
Ga0.425In0.245Sn0.330,5.9999841666666756
Ga0.257In0.313Sn0.430,6.388120555555564
Ga0.183In0.582Sn0.235,6.54476666666667
Ga0.358In0.361Sn0.281,6.452538055555564
Ga0.432In0.501Sn0.067,5.522204166666672
Ga0.628In0.300Sn0.072,5.045379722222231
Ga0.422In0.345Sn0.233,6.279037222222231
Ga0.221In0.259Sn0.520,6.220868333333343
Ga0.060In0.609Sn0.331,6.663561388888894
Ga0.499In0.453Sn0.048,4.956133611111119
Ga0.317In0.378Sn0.305,6.414840277777786
Ga0.423In0.295Sn0.282,6.2495972222222305
Ga0.247In0.391Sn0.362,6.553312500000007
Ga0.168In0.441Sn0.391,6.673162222222227
Ga0.159In0.612Sn0.229,6.450540555555559
Ga0.142In0.185Sn0.673,5.463291944444461
Ga0.308In0.494Sn0.198,6.529121388888894
Ga0.239In0.300Sn0.461,6.405378888888896
Ga0.320In0.357Sn0.323,6.341330277777788
Ga0.164In0.347Sn0.489,6.473459166666675
Ga0.361In0.417Sn0.222,6.47559083333334
Ga0.366In0.243Sn0.391,6.057646388888897
Ga0.258In0.406Sn0.336,6.634088611111118
Ga0.230In0.071Sn0.699,5.280707777777777
Ga0.530In0.289Sn0.181,5.847698888888897
Ga0.006In0.087Sn0.907,3.8170316666666677
Ga0.463In0.268Sn0.269,6.030960555555565
Ga0.343In0.327Sn0.330,6.219991944444453
Ga0.136In0.094Sn0.770,4.778789166666668
Ga0.014In0.929Sn0.057,4.316550138888889
Ga0.001In0.928Sn0.071,4.409549305555559
Ga0.423In0.224Sn0.353,5.895761944444453
Ga0.335In0.265Sn0.400,6.1485425000000085
Ga0.503In0.479Sn0.018,4.725741666666675
Ga0.405In0.402Sn0.193,6.298556944444452
Ga0.078In0.748Sn0.174,5.81070722222222
Ga0.587In0.073Sn0.340,5.115545277777781
Ga0.160In0.617Sn0.223,6.421221111111114
Ga0.421In0.434Sn0.145,6.180182222222228
Ga0.126In0.371Sn0.503,6.316613333333338
Ga0.338In0.245Sn0.417,6.055149166666675
Ga0.760In0.106Sn0.134,5.754012500000012
Ga0.348In0.390Sn0.262,6.4906538888888985
Ga0.103In0.391Sn0.506,6.297338333333338
Ga0.898In0.074Sn0.028,5.276143333333357
Ga0.434In0.513Sn0.053,5.252250277777785
Ga0.080In0.450Sn0.470,6.397798611111114
Ga0.118In0.256Sn0.626,5.691292222222235
Ga0.294In0.403Sn0.303,6.488156388888896
Ga0.282In0.402Sn0.316,6.500741944444451
Ga0.403In0.370Sn0.227,6.308388055555563
Ga0.161In0.397Sn0.442,6.640979444444451
Ga0.425In0.448Sn0.127,5.973574722222227
Ga0.412In0.448Sn0.140,6.119196111111116
Ga0.436In0.226Sn0.338,5.910619166666674
Ga0.310In0.378Sn0.312,6.424484166666676
Ga0.071In0.675Sn0.254,6.351881111111115
In0.679Sn0.321,6.659576388888894
Ga0.334In0.353Sn0.313,6.393882777777789
Ga0.066In0.269Sn0.665,5.429377777777791
Ga0.215In0.305Sn0.480,6.3997416666666735
Ga0.341In0.245Sn0.414,6.050315833333341
Ga0.363In0.428Sn0.209,6.450710833333339
Ga0.442In0.433Sn0.125,5.930485833333338
Ga0.286In0.197Sn0.517,5.928858333333342
Ga0.319In0.340Sn0.341,6.170144166666675
Ga0.426In0.312Sn0.262,6.231251388888899
Ga0.360In0.383Sn0.257,6.431843055555564
Ga0.376In0.590Sn0.034,5.14640347222223
Ga0.008In0.673Sn0.319,6.659287500000005
Ga0.166In0.344Sn0.490,6.475842500000008
Ga0.325In0.525Sn0.150,6.334969166666671
Ga0.336In0.365Sn0.299,6.422205277777786
Ga0.252In0.402Sn0.346,6.602027500000006
Ga0.340In0.287Sn0.373,6.161011944444453
Ga0.576In0.380Sn0.044,4.797990416666675
Ga0.330In0.300Sn0.370,6.183039166666676
Ga0.307In0.277Sn0.416,6.206000277777786
Ga0.245In0.263Sn0.492,6.237383611111119
Ga0.367In0.329Sn0.304,6.3091372222222315
Ga0.334In0.034Sn0.632,5.184237500000003
Ga0.149In0.047Sn0.804,4.699155555555551
Ga0.363In0.174Sn0.463,5.799711666666676
Ga0.198In0.655Sn0.147,6.173463888888893
Ga0.130In0.370Sn0.500,6.304847222222228
Ga0.512In0.284Sn0.204,6.01680861111112
Ga0.382In0.120Sn0.498,5.5314044444444495
Ga0.128In0.749Sn0.123,5.4685780555555565
Ga0.531In0.344Sn0.125,5.720804166666672
Ga0.186In0.331Sn0.483,6.438863333333342
Ga0.348In0.344Sn0.308,6.374149444444454
Ga0.490In0.309Sn0.201,6.0797919444444535
Ga0.211In0.429Sn0.360,6.622325277777784
Ga0.166In0.641Sn0.193,6.310572222222225
Ga0.684In0.223Sn0.093,5.3432269444444564
Ga0.359In0.292Sn0.349,6.176536388888897
Ga0.460In0.454Sn0.086,5.393942222222227
Ga0.343In0.338Sn0.319,6.228385000000009
Ga0.498In0.258Sn0.244,5.873116666666678
Ga0.665In0.217Sn0.118,5.462396944444454
Ga0.108In0.134Sn0.758,4.70117000000001
Ga0.300In0.228Sn0.472,5.859961944444452
Ga0.435In0.119Sn0.446,5.484666388888896
Ga0.467In0.224Sn0.309,5.931533888888898
Ga0.510In0.214Sn0.276,5.842626944444453
Ga0.132In0.499Sn0.369,6.683551111111115
Ga0.314In0.063Sn0.623,5.29847
Ga0.601In0.290Sn0.109,5.432595277777784
Ga0.621In0.162Sn0.217,5.548751111111122
Ga0.271In0.650Sn0.079,5.55645166666667
Ga0.485In0.447Sn0.068,5.274744722222227
Ga0.538In0.428Sn0.034,4.804815277777786
Ga0.303In0.475Sn0.222,6.502246388888894
Ga0.258In0.454Sn0.288,6.677176388888895
Ga0.209In0.452Sn0.339,6.638093055555561
Ga0.215In0.326Sn0.459,6.413635555555564
Ga0.333In0.651Sn0.016,4.937369305555563
Ga0.504In0.328Sn0.168,5.845857500000008
Ga0.244In0.467Sn0.289,6.734895833333339
Ga0.134In0.399Sn0.467,6.466373888888895
Ga0.521In0.046Sn0.433,4.995543611111112
Ga0.379In0.261Sn0.360,6.0141486111111195
Ga0.518In0.032Sn0.450,4.992015000000004
Ga0.450In0.111Sn0.439,5.3893169444444515
Ga0.434In0.366Sn0.200,6.309610277777786
Ga0.366In0.346Sn0.288,6.394456666666676
Ga0.425In0.380Sn0.195,6.3326827777777845
Ga0.304In0.407Sn0.289,6.539619722222229
Ga0.568In0.404Sn0.028,4.618721944444451
Ga0.466In0.125Sn0.409,5.460784722222226
Ga0.088In0.619Sn0.293,6.551794444444449
Ga0.771In0.167Sn0.062,5.3820397222222365
Ga0.399In0.305Sn0.296,6.274608333333341
Ga0.483In0.274Sn0.243,6.0396575000000094
Ga0.453In0.162Sn0.385,5.6972466666666755
Ga0.245In0.028Sn0.727,5.123411388888891
Ga0.548In0.337Sn0.115,5.551359722222228
Ga0.085In0.496Sn0.419,6.7020975000000025
Ga0.343In0.064Sn0.593,5.402476666666665
Ga0.206In0.380Sn0.414,6.602435000000008
Ga0.301In0.303Sn0.396,6.165078055555565
Ga0.368In0.398Sn0.234,6.481785277777784
Ga0.316In0.614Sn0.070,5.536448055555561
Ga0.073In0.490Sn0.437,6.66757527777778
Ga0.559In0.316Sn0.125,5.597123611111116
Ga0.560In0.138Sn0.302,5.442728055555563
Ga0.268In0.611Sn0.121,6.069261388888894
Ga0.069In0.387Sn0.544,6.185157777777784
Ga0.310In0.252Sn0.438,6.033065277777788
Ga0.573In0.028Sn0.399,5.043320277777781
Ga0.482In0.275Sn0.243,6.050540833333342
Ga0.145In0.598Sn0.257,6.512829166666671
Ga0.301In0.388Sn0.311,6.43251472222223
Ga0.059In0.193Sn0.748,4.928770555555569
Ga0.669In0.057Sn0.274,5.223483333333342
Ga0.669In0.212Sn0.119,5.486726111111121
Ga0.027In0.422Sn0.551,6.341826388888892
Ga0.313In0.261Sn0.426,6.082261944444453
Ga0.231In0.465Sn0.304,6.767404166666672
Ga0.019In0.508Sn0.473,6.888413888888887
Ga0.353In0.221Sn0.426,5.982483055555563
Ga0.473In0.500Sn0.027,4.869326666666676
Ga0.258In0.321Sn0.421,6.407073888888897
Ga0.252In0.353Sn0.395,6.50056250000001
Ga0.334In0.020Sn0.646,5.195751388888891
Ga0.169In0.695Sn0.136,5.926373333333339
Ga0.448In0.456Sn0.096,5.63988555555556
Ga0.482In0.180Sn0.338,5.698442777777786
Ga0.447In0.292Sn0.261,6.139173611111121
Ga0.206In0.162Sn0.632,5.754753888888905
Ga0.353In0.341Sn0.306,6.336176111111121
Ga0.340In0.585Sn0.075,5.541454444444449
Ga0.504In0.483Sn0.013,4.7291575000000075
Ga0.397In0.238Sn0.365,6.0334141666666765
Ga0.532In0.179Sn0.289,5.656897500000009
Ga0.298In0.657Sn0.045,5.218994861111117
Ga0.441In0.165Sn0.394,5.697476666666676
Ga0.295In0.040Sn0.665,5.082935277777781
Ga0.409In0.490Sn0.101,5.783426666666672
Ga0.341In0.027Sn0.632,5.187098055555558
Ga0.478In0.184Sn0.338,5.705297222222231
Ga0.004In0.376Sn0.620,5.951513333333342
Ga0.213In0.247Sn0.540,6.239561388888898
Ga0.289In0.319Sn0.392,6.2035558333333425
Ga0.057In0.827Sn0.116,5.155431111111116
Ga0.418In0.092Sn0.490,5.366975833333337
Ga0.367In0.270Sn0.363,6.101541388888897
Ga0.577In0.092Sn0.331,5.147818888888894
Ga0.496In0.430Sn0.074,5.273128333333338
Ga0.106In0.593Sn0.301,6.549628888888893
Ga0.039In0.591Sn0.370,6.65100194444445
Ga0.456In0.520Sn0.024,4.879725416666676
Ga0.041In0.665Sn0.294,6.6404855555555615
Ga0.191In0.447Sn0.362,6.63317305555556
Ga0.420In0.161Sn0.419,5.744528333333341
Ga0.472In0.180Sn0.348,5.694189444444453
Ga0.397In0.381Sn0.222,6.360398611111119
Ga0.165In0.765Sn0.070,5.210008194444447
Ga0.287In0.370Sn0.343,6.295701944444451
Ga0.425In0.248Sn0.327,6.004671666666676
Ga0.369In0.084Sn0.547,5.403918333333334
Ga0.445In0.493Sn0.062,5.333658055555562
Ga0.467In0.410Sn0.123,5.860490277777783
Ga0.249In0.303Sn0.448,6.3806127777777855
Ga0.232In0.421Sn0.347,6.652154722222227
Ga0.492In0.261Sn0.247,5.933582777777787
Ga0.311In0.259Sn0.430,6.07418750000001
Ga0.286In0.313Sn0.401,6.270748055555563
Ga0.253In0.427Sn0.320,6.662826944444451
Ga0.534In0.301Sn0.165,5.868318333333342
Ga0.515In0.319Sn0.166,5.866406666666675
Ga0.137In0.554Sn0.309,6.6647433333333375
Ga0.049In0.813Sn0.138,5.376677222222226
Ga0.577In0.346Sn0.077,5.070309722222229
Ga0.011In0.751Sn0.238,6.161777499999999
Ga0.404In0.015Sn0.581,5.266311388888889
Ga0.124In0.441Sn0.435,6.574216111111114
Ga0.330In0.509Sn0.161,6.384457222222227
Ga0.432In0.263Sn0.305,6.100582222222233
Ga0.397In0.224Sn0.379,5.992130833333341
Ga0.078In0.434Sn0.488,6.410606111111113
Ga0.116In0.322Sn0.562,6.003867777777787
Ga0.525In0.432Sn0.043,4.985623888888897
Ga0.362In0.416Sn0.222,6.446257500000007
Ga0.361In0.548Sn0.091,5.774229722222227
Ga0.176In0.436Sn0.388,6.6796294444444495
Ga0.214In0.528Sn0.258,6.703882777777781
Ga0.298In0.112Sn0.590,5.585641944444451
Ga0.332In0.430Sn0.238,6.449080277777783
Ga0.339In0.342Sn0.319,6.264225833333343
Ga0.438In0.348Sn0.214,6.182951666666675
Ga0.296In0.393Sn0.311,6.4315147222222295
Ga0.210In0.637Sn0.153,6.25404666666667
Ga0.500In0.212Sn0.288,5.853283055555564
Ga0.141In0.421Sn0.438,6.5646422222222265
Ga0.350In0.272Sn0.378,6.141275277777785
Ga0.579In0.188Sn0.233,5.688018888888898
Ga0.211In0.405Sn0.384,6.648368055555563
Ga0.355In0.516Sn0.129,6.204833611111115
Ga0.625In0.219Sn0.156,5.583110555555566
Ga0.033In0.055Sn0.912,3.7758311111111094
Ga0.153In0.709Sn0.138,5.937700833333338
Ga0.266In0.266Sn0.468,6.1722438888888975
Ga0.324In0.276Sn0.400,6.183733611111119
Ga0.410In0.292Sn0.298,6.199986666666676
Ga0.146In0.100Sn0.754,4.901236388888893
Ga0.412In0.354Sn0.234,6.306858888888898
Ga0.435In0.445Sn0.120,5.912839722222228
Ga0.158In0.298Sn0.544,6.335658333333343
Ga0.345In0.326Sn0.329,6.267415555555565
Ga0.686In0.267Sn0.047,4.9142651388889025
Ga0.518In0.101Sn0.381,5.31118055555556
Ga0.335In0.353Sn0.312,6.361605000000011
Ga0.284In0.654Sn0.062,5.439214166666672
Ga0.323In0.374Sn0.303,6.424281944444453
Ga0.493In0.100Sn0.407,5.345324722222227
Ga0.539In0.042Sn0.419,5.058209722222223
Ga0.028In0.103Sn0.869,4.089674444444448
Ga0.304In0.518Sn0.178,6.432090833333339
Ga0.321In0.053Sn0.626,5.235646388888888
Ga0.260In0.330Sn0.410,6.365918333333341
Ga0.350In0.107Sn0.543,5.5718002777777835
Ga0.259In0.107Sn0.634,5.539898611111119
Ga0.284In0.338Sn0.378,6.201680277777786
Ga0.626In0.144Sn0.230,5.480091666666676
Ga0.417In0.403Sn0.180,6.202685000000008
Ga0.296In0.441Sn0.263,6.460830000000007
Ga0.255In0.297Sn0.448,6.3662238888888965
Ga0.475In0.411Sn0.114,5.736389166666673
Ga0.455In0.018Sn0.527,5.209328611111114
Ga0.285In0.180Sn0.535,5.918136111111122
Ga0.202In0.375Sn0.423,6.587549444444452
Ga0.257In0.207Sn0.536,6.117451944444455
Ga0.287In0.472Sn0.241,6.494995833333339
Ga0.380In0.286Sn0.334,6.155867500000007
Ga0.366In0.249Sn0.385,6.04082861111112
Ga0.361In0.490Sn0.149,6.387347222222227
Ga0.200In0.152Sn0.648,5.6943513888889035
Ga0.231In0.378Sn0.391,6.561993888888896
Ga0.478In0.005Sn0.517,5.048101111111113
Ga0.550In0.291Sn0.159,5.823249444444452
Ga0.413In0.248Sn0.339,5.94343972222223
Ga0.235In0.382Sn0.383,6.573173888888896
Ga0.560In0.427Sn0.013,4.565076111111119
Ga0.369In0.241Sn0.390,6.057646388888897
Ga0.179In0.020Sn0.801,4.860457222222223
Ga0.512In0.224Sn0.264,5.823865277777788
Ga0.742In0.244Sn0.014,4.971779305555571
Ga0.575In0.241Sn0.184,5.67221361111112
Ga0.453In0.082Sn0.465,5.288943333333336
Ga0.092In0.568Sn0.340,6.584453333333337
Ga0.335In0.376Sn0.289,6.411724166666675
Ga0.411In0.267Sn0.322,6.084876666666676
Ga0.232In0.750Sn0.018,4.980724305555561
Ga0.320In0.372Sn0.308,6.402993611111119
Ga0.056In0.112Sn0.832,4.2298644444444475
Ga0.158In0.679Sn0.163,6.165123333333336
Ga0.299In0.592Sn0.109,5.933653888888894
Ga0.320In0.060Sn0.620,5.2696033333333325
Ga0.207In0.418Sn0.375,6.66211194444445
Ga0.052In0.499Sn0.449,6.835198333333333
Ga0.291In0.352Sn0.357,6.234014444444453
Ga0.102In0.382Sn0.516,6.235107222222227
Ga0.211In0.263Sn0.526,6.329818333333343
Ga0.006In0.214Sn0.780,4.883771388888903
Ga0.389In0.262Sn0.349,6.009127500000009
Ga0.562In0.105Sn0.333,5.247972500000006
Ga0.527In0.310Sn0.163,5.856826666666675
Ga0.517In0.024Sn0.459,4.995888333333337
Ga0.721In0.115Sn0.164,5.579770277777789
Ga0.468In0.177Sn0.355,5.654285555555565
Ga0.146In0.356Sn0.498,6.427965000000007
Ga0.161In0.155Sn0.684,5.432660277777795
Ga0.425In0.548Sn0.027,4.973870138888897
Ga0.458In0.409Sn0.133,5.957116666666673
Ga0.109In0.427Sn0.464,6.434181944444448
Ga0.113In0.071Sn0.816,4.355543055555554
Ga0.237In0.439Sn0.324,6.724045833333339
Ga0.206In0.374Sn0.420,6.575674444444452
Ga0.212In0.307Sn0.481,6.382391666666674
Ga0.197In0.657Sn0.146,6.171845833333337
Ga0.062In0.388Sn0.550,6.239110555555559
Ga0.381In0.473Sn0.146,6.273120555555561
Ga0.477In0.513Sn0.010,4.72001222222223
Ga0.517In0.334Sn0.149,5.848742777777785
Ga0.118In0.430Sn0.452,6.5010816666666695
Ga0.017In0.044Sn0.939,3.6795341666666657
Ga0.248In0.265Sn0.487,6.265155833333342
Ga0.322In0.298Sn0.380,6.188684166666675
Ga0.438In0.116Sn0.446,5.422695277777786
Ga0.050In0.145Sn0.805,4.4593505555555675
Ga0.186In0.294Sn0.520,6.356664444444454
Ga0.459In0.487Sn0.054,5.155664444444452
Ga0.944In0.031Sn0.025,5.219408055555585
Ga0.403In0.247Sn0.350,5.940551944444453
Ga0.141In0.539Sn0.320,6.715854444444448
Ga0.479In0.521,4.578860555555562
Ga0.017In0.511Sn0.472,6.8872472222222205
Ga0.670In0.206Sn0.124,5.552830555555565
Ga0.140In0.345Sn0.515,6.288056666666676
Ga0.161In0.476Sn0.363,6.711626111111116
Ga0.346In0.350Sn0.304,6.398288333333342
Ga0.656In0.100Sn0.244,5.364571666666677
Ga0.090In0.352Sn0.558,6.1051513888888955
Ga0.407In0.498Sn0.095,5.754125277777783
Ga0.283In0.644Sn0.073,5.453886111111115
Ga0.203In0.477Sn0.320,6.761543055555562
Ga0.181In0.462Sn0.357,6.652833055555561
Ga0.292In0.536Sn0.172,6.326926944444451
Ga0.544In0.040Sn0.416,5.065140833333334
Ga0.266In0.457Sn0.277,6.5718630555555615
Ga0.342In0.417Sn0.241,6.460838055555562
Ga0.078In0.524Sn0.398,6.619812222222223
Ga0.703In0.233Sn0.064,5.104002777777791
Ga0.119In0.442Sn0.439,6.590980000000003
Ga0.203In0.417Sn0.380,6.6508763888888955
Ga0.118In0.487Sn0.395,6.717100555555557
Ga0.354In0.426Sn0.220,6.455935833333339
Ga0.488In0.282Sn0.230,6.045581111111119
Ga0.347In0.448Sn0.205,6.422696111111118
Ga0.389In0.186Sn0.425,5.866071666666674
Ga0.289In0.294Sn0.417,6.230748055555564
Ga0.323In0.160Sn0.517,5.728200277777787
Ga0.233In0.273Sn0.494,6.339150277777784
Ga0.267In0.332Sn0.401,6.360796666666675
Ga0.567In0.163Sn0.270,5.547184722222232
Ga0.173In0.222Sn0.605,6.032817222222236
Ga0.484In0.240Sn0.276,5.953067222222231
Ga0.021In0.763Sn0.216,6.031087222222222
Ga0.612In0.076Sn0.312,5.211833888888894
Ga0.179In0.427Sn0.394,6.6695813888888935
Ga0.667In0.061Sn0.272,5.237327500000008
Ga0.755In0.229Sn0.016,5.062357361111126
Ga0.460In0.196Sn0.344,5.793266944444453
Ga0.409In0.151Sn0.440,5.680799444444452
Ga0.556In0.230Sn0.214,5.760880833333341
Ga0.331In0.265Sn0.404,6.150987500000008
Ga0.405In0.393Sn0.202,6.356955277777786
Ga0.190In0.304Sn0.506,6.378776944444453
Ga0.402In0.112Sn0.486,5.434293888888894
Ga0.287In0.299Sn0.414,6.235070277777785
Ga0.247In0.447Sn0.306,6.751850833333339
Ga0.375In0.447Sn0.178,6.210975555555562
Ga0.278In0.585Sn0.137,6.204578888888894
Ga0.193In0.469Sn0.338,6.715490277777783
Ga0.191In0.238Sn0.571,6.187026944444455
Ga0.569In0.328Sn0.103,5.3593013888888965
Ga0.024In0.148Sn0.828,4.450067500000012
Ga0.053In0.369Sn0.578,6.031286388888896
Ga0.560In0.049Sn0.391,5.016460555555556
Ga0.678In0.298Sn0.024,4.7150426388889
Ga0.354In0.270Sn0.376,6.137553055555563
Ga0.375In0.174Sn0.451,5.777722777777787
Ga0.150In0.373Sn0.477,6.419398055555562
Ga0.505In0.020Sn0.475,5.02433416666667
Ga0.299In0.529Sn0.172,6.339440833333338
Ga0.541In0.391Sn0.068,5.208943333333338
Ga0.260In0.422Sn0.318,6.617076944444451
Ga0.403In0.458Sn0.139,6.1159277777777845
Ga0.145In0.744Sn0.111,5.528968611111113
Ga0.314In0.329Sn0.357,6.142765833333343
Ga0.473In0.323Sn0.204,6.083216388888897
Ga0.308In0.156Sn0.536,5.763513333333345
Ga0.162In0.078Sn0.760,5.0021813888888875
Ga0.423In0.079Sn0.498,5.369577222222223
Ga0.661In0.007Sn0.332,5.00178583333334
Ga0.428In0.476Sn0.096,5.754413888888894
Ga0.388In0.159Sn0.453,5.691495000000009
Ga0.456In0.381Sn0.163,6.072861388888897
Ga0.563In0.271Sn0.166,5.708350277777786
Ga0.515In0.466Sn0.019,4.73175472222223
Ga0.053In0.271Sn0.676,5.355893888888903
Ga0.173In0.432Sn0.395,6.683543333333337
Ga0.251In0.500Sn0.249,6.8028227777777825
Ga0.317In0.230Sn0.453,5.93231083333334
Ga0.126In0.404Sn0.470,6.478798333333337
Ga0.456In0.368Sn0.176,6.061998055555564
Ga0.465In0.377Sn0.158,6.025392500000007
Ga0.221In0.460Sn0.319,6.725309166666673
Ga0.614In0.301Sn0.085,5.152582777777785
Ga0.126In0.399Sn0.475,6.454203888888893
Ga0.191In0.554Sn0.255,6.631557777777782
Ga0.484In0.050Sn0.466,5.073723055555555
Ga0.375In0.396Sn0.229,6.430797500000007
Ga0.484In0.292Sn0.224,6.064487777777786
Ga0.251In0.567Sn0.182,6.530762222222228
Ga0.645In0.217Sn0.138,5.593650555555565
Ga0.291In0.060Sn0.649,5.2289997222222215
Ga0.068In0.501Sn0.431,6.740805833333335
Ga0.666In0.176Sn0.158,5.543713333333344
Ga0.385In0.276Sn0.339,6.106330833333341
Ga0.145In0.710Sn0.145,5.950546944444449
Ga0.443In0.210Sn0.347,5.822564166666674
Ga0.304In0.253Sn0.443,6.068231944444453
Ga0.215In0.324Sn0.461,6.419302222222231
Ga0.508In0.318Sn0.174,5.8671741666666755
Ga0.515In0.485,4.552076666666673
Ga0.161In0.514Sn0.325,6.866814444444445
Ga0.351In0.346Sn0.303,6.38359111111112
Ga0.194In0.431Sn0.375,6.687059166666672
Ga0.159In0.674Sn0.167,6.171623333333337
Ga0.536In0.271Sn0.193,5.910704444444453
Ga0.305In0.679Sn0.016,4.955720694444451
Ga0.283In0.381Sn0.336,6.365366944444451
Ga0.377In0.358Sn0.265,6.419201666666677
Ga0.454In0.442Sn0.104,5.730767500000005
Ga0.254In0.200Sn0.546,6.0950602777777885
Ga0.714In0.095Sn0.191,5.490169166666675
Ga0.615In0.341Sn0.044,4.844229305555565
Ga0.442In0.129Sn0.429,5.443146944444449
Ga0.086In0.599Sn0.315,6.591014444444449
Ga0.372In0.232Sn0.396,6.03819972222223
Ga0.068In0.864Sn0.068,4.649732777777782
Ga0.314In0.443Sn0.243,6.474198611111118
Ga0.047In0.311Sn0.642,5.638795000000012
Ga0.423In0.256Sn0.321,6.025357777777787
Ga0.348In0.293Sn0.359,6.192838611111119
Ga0.110In0.450Sn0.440,6.488660833333336
Ga0.203In0.433Sn0.364,6.6534597222222285
Ga0.251In0.486Sn0.263,6.7979436111111164
Ga0.420In0.297Sn0.283,6.252830555555564
Ga0.205In0.386Sn0.409,6.63247222222223
Ga0.075In0.575Sn0.350,6.535758888888894
Ga0.198In0.474Sn0.328,6.773384722222228
Ga0.344In0.256Sn0.400,6.1132180555555635
Ga0.291In0.525Sn0.184,6.410965833333338
Ga0.306In0.691Sn0.003,4.79931680555556
Ga0.015In0.629Sn0.356,6.633261111111117
Ga0.198In0.612Sn0.190,6.402469444444449
Ga0.691In0.173Sn0.136,5.532473055555567
Ga0.529In0.199Sn0.272,5.779095555555566
Ga0.301In0.411Sn0.288,6.457153055555562
Ga0.281In0.541Sn0.178,6.381662777777783
Ga0.226In0.300Sn0.474,6.4077561111111185
Ga0.393In0.200Sn0.407,6.023968055555564
Ga0.381In0.323Sn0.296,6.324470555555564
Ga0.030In0.190Sn0.780,4.8111494444444585
Ga0.306In0.388Sn0.306,6.508242500000008
Ga0.108In0.828Sn0.064,4.704540000000002
Ga0.622In0.148Sn0.230,5.52010000000001
Ga0.883In0.117,5.133917777777803
Ga0.118In0.259Sn0.623,5.705142222222236
Ga0.219In0.624Sn0.157,6.323502222222227
Ga0.644In0.191Sn0.165,5.614633055555566
Ga0.018In0.342Sn0.640,5.7668925000000115
Ga0.440In0.211Sn0.349,5.822564166666674
Ga0.508In0.210Sn0.282,5.8348352777777865
Ga0.004In0.509Sn0.487,6.981591111111111
Ga0.034In0.171Sn0.795,4.619065833333348
Ga0.046In0.245Sn0.709,5.14886805555557
Ga0.137In0.432Sn0.431,6.608900000000005
Ga0.001In0.878Sn0.121,5.100263611111114
Ga0.165In0.698Sn0.137,5.931340000000004
Ga0.300In0.196Sn0.504,5.874483333333343
Ga0.332In0.568Sn0.100,5.859263611111117
Ga0.360In0.226Sn0.414,6.046052500000007
Ga0.495In0.390Sn0.115,5.730004166666673
Ga0.424In0.438Sn0.138,6.13593833333334
Ga0.654In0.207Sn0.139,5.6156747222222325
Ga0.483In0.413Sn0.104,5.616500277777782
Ga0.435In0.487Sn0.078,5.527675833333339
Ga0.179In0.363Sn0.458,6.508287222222231
Ga0.173In0.473Sn0.354,6.703747777777783
Ga0.152In0.490Sn0.358,6.749160555555559
Ga0.084In0.484Sn0.432,6.67037027777778
Ga0.158In0.193Sn0.649,5.818774166666683
Ga0.074In0.442Sn0.484,6.464138888888891
Ga0.579In0.170Sn0.251,5.525897222222232
Ga0.350In0.409Sn0.241,6.490949166666675
Ga0.366In0.272Sn0.362,6.101541388888897
Ga0.473In0.308Sn0.219,6.0703950000000075
Ga0.699In0.075Sn0.226,5.449908888888898
Ga0.377In0.254Sn0.369,6.021447500000009
Ga0.153In0.377Sn0.470,6.496828611111118
Ga0.543In0.223Sn0.234,5.82916361111112
Ga0.449In0.419Sn0.132,5.993994166666671
Ga0.414In0.481Sn0.105,5.842665000000005
Ga0.465In0.430Sn0.105,5.710601388888893
Ga0.283In0.378Sn0.339,6.327273055555562
Ga0.301In0.361Sn0.338,6.26956583333334
Ga0.170In0.285Sn0.545,6.283405555555565
Ga0.183In0.576Sn0.241,6.558491666666671
Ga0.438In0.317Sn0.245,6.164808333333344
Ga0.364In0.452Sn0.184,6.298830555555562
Ga0.360In0.414Sn0.226,6.446257500000007
Ga0.279In0.344Sn0.377,6.314844444444454
Ga0.079In0.483Sn0.438,6.591000833333336
Ga0.559In0.076Sn0.365,5.183925277777782
Ga0.691In0.143Sn0.166,5.483961666666677
Ga0.312In0.277Sn0.411,6.193936388888897
Ga0.282In0.031Sn0.687,5.06872027777778
Ga0.754In0.013Sn0.233,5.559985000000012
Ga0.370In0.035Sn0.595,5.28880888888889
Ga0.354In0.373Sn0.273,6.443373333333342
Ga0.127In0.531Sn0.342,6.645682777777782
Ga0.782In0.192Sn0.026,5.288132083333349
Ga0.175In0.422Sn0.403,6.7044383333333375
Ga0.499In0.440Sn0.061,5.17849444444445
Ga0.024In0.240Sn0.736,5.077230000000014
Ga0.423In0.335Sn0.242,6.245794444444453
Ga0.434In0.040Sn0.526,5.2682858333333344
Ga0.318In0.547Sn0.135,6.15199972222223
Ga0.435In0.437Sn0.128,6.000610833333339
Ga0.283In0.435Sn0.282,6.494208611111116
Ga0.743In0.231Sn0.026,5.041737638888904
Ga0.462In0.323Sn0.215,6.094470555555564
Ga0.199In0.722Sn0.079,5.520211944444448
Ga0.256In0.297Sn0.447,6.37607722222223
Ga0.257In0.364Sn0.379,6.482183333333342
Ga0.430In0.407Sn0.163,6.206040555555562
Ga0.217In0.396Sn0.387,6.596995833333342
Ga0.302In0.667Sn0.031,5.089337361111118
Ga0.073In0.566Sn0.361,6.55391555555556
Ga0.001In0.518Sn0.481,6.918435555555555
Ga0.459In0.273Sn0.268,6.041138333333342
Ga0.336In0.440Sn0.224,6.463524722222228
Ga0.568In0.103Sn0.329,5.242454444444451
Ga0.629In0.171Sn0.200,5.586881111111122
Ga0.114In0.525Sn0.361,6.623510555555559
Ga0.339In0.394Sn0.267,6.451731666666675
Ga0.674In0.152Sn0.174,5.520090555555567
Ga0.339In0.120Sn0.541,5.585954166666672
Ga0.247In0.388Sn0.365,6.5551458333333406
Ga0.413In0.409Sn0.178,6.183801111111119
Ga0.067In0.636Sn0.297,6.586641666666671
Ga0.476In0.366Sn0.158,5.992459166666673
Ga0.539In0.414Sn0.047,4.929733888888896
Ga0.250In0.216Sn0.534,6.125868055555566
Ga0.337In0.330Sn0.333,6.234436944444453
Ga0.331In0.516Sn0.153,6.4214355555555604
Ga0.573In0.357Sn0.070,5.112840555555562
Ga0.150In0.494Sn0.356,6.73282666666667
Ga0.122In0.428Sn0.450,6.507378333333335
Ga0.273In0.315Sn0.412,6.325999166666675
Ga0.561In0.370Sn0.069,5.12858944444445
Ga0.410In0.111Sn0.479,5.372711388888896
Ga0.472In0.249Sn0.279,5.940641111111119
Ga0.524In0.298Sn0.178,5.858737777777786
Ga0.118In0.417Sn0.465,6.465779444444448
Ga0.029In0.662Sn0.309,6.682339722222226
Ga0.635In0.189Sn0.176,5.6279963888889
Ga0.125In0.437Sn0.438,6.567010555555558
Ga0.136In0.456Sn0.408,6.626088333333337
Ga0.075In0.111Sn0.814,4.277201666666671
Ga0.446In0.253Sn0.301,6.001199444444454
Ga0.363In0.123Sn0.514,5.558453333333339
Ga0.088In0.526Sn0.386,6.653678888888891
Ga0.490In0.141Sn0.369,5.490953055555562
Ga0.298In0.216Sn0.486,5.863900555555563
Ga0.318In0.575Sn0.107,5.905407500000005
Ga0.725In0.036Sn0.239,5.368042500000013
Ga0.431In0.382Sn0.187,6.252558055555562
Ga0.029In0.470Sn0.501,6.741977500000001
Ga0.419In0.064Sn0.517,5.3312388888888895
Ga0.720In0.142Sn0.138,5.601232222222234
Ga0.396In0.373Sn0.231,6.376282500000008
Ga0.681In0.035Sn0.284,5.157214444444453
Ga0.211In0.168Sn0.621,5.828549444444459
Ga0.354In0.413Sn0.233,6.460946944444451
Ga0.271In0.338Sn0.391,6.277052222222231
Ga0.023In0.425Sn0.552,6.36074027777778
Ga0.781In0.186Sn0.033,5.277702638888904
Ga0.054In0.002Sn0.944,3.901306111111106
Ga0.071In0.327Sn0.602,5.810463333333344
Ga0.307In0.340Sn0.353,6.183572500000009
Ga0.580In0.299Sn0.121,5.4971808333333385
Ga0.384In0.304Sn0.312,6.268187777777786
Ga0.346In0.317Sn0.337,6.213206388888897
Ga0.333In0.263Sn0.404,6.1220541666666755
Ga0.486In0.007Sn0.507,5.047568888888891
Ga0.409In0.373Sn0.218,6.301127500000008
Ga0.344In0.288Sn0.368,6.1612647222222305
Ga0.228In0.530Sn0.242,6.690091666666671
Ga0.094In0.626Sn0.280,6.4650250000000025
Ga0.483In0.470Sn0.047,5.012718611111119
Ga0.192In0.280Sn0.528,6.355251111111119
Ga0.028In0.830Sn0.142,5.367002500000003
Ga0.150In0.424Sn0.426,6.646042222222225
Ga0.065In0.832Sn0.103,4.92239055555556
Ga0.027In0.587Sn0.386,6.671491666666671
Ga0.470In0.212Sn0.318,5.825526111111119
Ga0.407In0.159Sn0.434,5.655187777777787
Ga0.344In0.178Sn0.478,5.790227777777787
Ga0.553In0.222Sn0.225,5.756863611111119
Ga0.182In0.662Sn0.156,6.241384166666672
Ga0.351In0.392Sn0.257,6.463041388888898
Ga0.448In0.293Sn0.259,6.127843055555566
Ga0.654In0.129Sn0.217,5.480198055555565
Ga0.612In0.269Sn0.119,5.441925000000008
Ga0.219In0.562Sn0.219,6.587600833333338
Ga0.034In0.509Sn0.457,6.8397236111111095
Ga0.453In0.467Sn0.080,5.414814722222227
Ga0.450In0.237Sn0.313,6.039270000000011
Ga0.389In0.200Sn0.411,5.986334722222231
Ga0.060In0.406Sn0.534,6.383704722222226
Ga0.110In0.445Sn0.445,6.496246944444447
Ga0.318In0.304Sn0.378,6.198075277777786
Ga0.114In0.144Sn0.742,4.873845277777791
Ga0.053In0.480Sn0.467,6.735788333333335
Ga0.183In0.520Sn0.297,6.8306391666666695
Ga0.318In0.049Sn0.633,5.182046388888887
Ga0.270In0.212Sn0.518,6.023173055555565
Ga0.202In0.556Sn0.242,6.584374444444449
Ga0.616In0.039Sn0.345,5.048121111111118
Ga0.350In0.278Sn0.372,6.178208055555563
Ga0.378In0.127Sn0.495,5.5400377777777825
Ga0.318In0.338Sn0.344,6.149883611111119
Ga0.211In0.502Sn0.287,6.855422500000003
Ga0.883In0.017Sn0.100,5.695186055555576
Ga0.351In0.304Sn0.345,6.194514722222229
Ga0.273In0.673Sn0.054,5.362186111111118
Ga0.132In0.457Sn0.411,6.576293888888891
Ga0.694In0.109Sn0.197,5.487977500000009
Ga0.146In0.353Sn0.501,6.392495833333341
Ga0.311In0.561Sn0.128,6.108381666666672
Ga0.205In0.312Sn0.483,6.374180555555564
Ga0.396In0.250Sn0.354,5.971541388888898
Ga0.462In0.171Sn0.367,5.681235000000009
Ga0.063In0.176Sn0.761,4.745607222222236
Ga0.049In0.755Sn0.196,6.015770277777777
Ga0.495In0.137Sn0.368,5.472403055555562
Ga0.083In0.047Sn0.870,3.9390741666666647
Ga0.465In0.361Sn0.174,6.04821472222223
Ga0.350In0.326Sn0.324,6.264957222222232
Ga0.211In0.655Sn0.134,6.036197222222228
Ga0.397In0.411Sn0.192,6.329662777777785
Ga0.244In0.127Sn0.629,5.628109166666675
Ga0.315In0.528Sn0.157,6.318266388888893
Ga0.098In0.287Sn0.615,5.726236111111123
Ga0.370In0.253Sn0.377,6.050630833333342
Ga0.245In0.291Sn0.464,6.3597527777777865
Ga0.320In0.276Sn0.404,6.186178611111118
Ga0.391In0.361Sn0.248,6.393930277777787
Ga0.420In0.446Sn0.134,6.070188888888895
Ga0.628In0.002Sn0.370,4.908837777777785
Ga0.296In0.212Sn0.492,5.847505000000009
Ga0.112In0.501Sn0.387,6.671675833333336
Ga0.460In0.218Sn0.322,5.871089444444452
Ga0.074In0.875Sn0.051,4.482112361111115
Ga0.542In0.046Sn0.412,5.042556666666666
Ga0.130In0.240Sn0.630,5.7020883333333465
Ga0.267In0.706Sn0.027,5.11988833333334
Ga0.354In0.239Sn0.407,6.094664166666675
Ga0.313In0.592Sn0.095,5.775093888888892
Ga0.565In0.127Sn0.308,5.358308333333339
Ga0.137In0.499Sn0.364,6.740328888888893
Ga0.310In0.398Sn0.292,6.507161388888896
Ga0.391In0.451Sn0.158,6.211070000000006
Ga0.332In0.127Sn0.541,5.60226194444445
Ga0.394In0.241Sn0.365,6.040293055555565
Ga0.277In0.706Sn0.017,4.947704166666672
Ga0.326In0.563Sn0.111,5.9381147222222275
Ga0.510In0.217Sn0.273,5.843495833333343
Ga0.354In0.420Sn0.226,6.450196944444451
Ga0.082In0.135Sn0.783,4.4838111111111205
Ga0.546In0.030Sn0.424,4.951871944444446
Ga0.055In0.576Sn0.369,6.657083055555561
Ga0.306In0.469Sn0.225,6.466596388888894
Ga0.339In0.097Sn0.564,5.537276111111114
Ga0.411In0.325Sn0.264,6.22214250000001
Ga0.447In0.334Sn0.219,6.131070000000009
Ga0.273In0.246Sn0.481,6.089164722222231
Ga0.659In0.100Sn0.241,5.42842000000001
Ga0.246In0.473Sn0.281,6.756990833333338
Ga0.408In0.130Sn0.462,5.507530833333339
Ga0.455In0.298Sn0.247,6.134108333333343
Ga0.062In0.510Sn0.428,6.811302222222223
Ga0.167In0.204Sn0.629,5.873392777777792
Ga0.351In0.345Sn0.304,6.374149444444454
Ga0.387In0.263Sn0.350,6.017127500000009
Ga0.215In0.394Sn0.391,6.617251388888897
Ga0.175In0.266Sn0.559,6.227375000000009
Ga0.122In0.531Sn0.347,6.655832222222226
Ga0.237In0.308Sn0.455,6.415351111111118
Ga0.296In0.460Sn0.244,6.448361944444451
Ga0.409In0.575Sn0.016,4.874390138888895
Ga0.482In0.402Sn0.116,5.766656944444451
Ga0.348In0.413Sn0.239,6.46346583333334
Ga0.380In0.453Sn0.167,6.212556111111117
Ga0.509In0.216Sn0.275,5.846954166666676
Ga0.463In0.081Sn0.456,5.248430555555558
Ga0.534In0.371Sn0.095,5.495703055555561
Ga0.235In0.591Sn0.174,6.4516811111111165
Ga0.155In0.457Sn0.388,6.6379838888888925
Ga0.425In0.400Sn0.175,6.2092850000000075
Ga0.134In0.535Sn0.331,6.715530000000003
Ga0.481In0.152Sn0.367,5.579483333333341
Ga0.388In0.235Sn0.377,6.061498611111118
Ga0.443In0.479Sn0.078,5.431723611111116
Ga0.065In0.569Sn0.366,6.573265555555561
Ga0.413In0.454Sn0.133,5.998307222222229
Ga0.359In0.300Sn0.341,6.19363083333334
Ga0.028In0.097Sn0.875,4.026460833333338
Ga0.333In0.440Sn0.227,6.4657747222222275
Ga0.316In0.470Sn0.214,6.423958611111117
Ga0.103In0.318Sn0.579,5.933118888888898
Ga0.758In0.077Sn0.165,5.72691250000001
Ga0.040In0.022Sn0.938,3.7370911111111127
Ga0.039In0.471Sn0.490,6.7099247222222225
Ga0.410In0.477Sn0.113,5.8405880555555605
Ga0.369In0.077Sn0.554,5.455057777777778
Ga0.132In0.371Sn0.497,6.3028194444444505
Ga0.383In0.323Sn0.294,6.326460000000009
Ga0.008In0.838Sn0.154,5.444125277777782
Ga0.445In0.486Sn0.069,5.432637500000005
Ga0.136In0.481Sn0.383,6.706187222222227
Ga0.275In0.288Sn0.437,6.247668055555564
Ga0.568In0.139Sn0.293,5.446041944444452
Ga0.642In0.195Sn0.163,5.599301944444456
Ga0.079In0.375Sn0.546,6.031099722222228
Ga0.209In0.695Sn0.096,5.624442222222226
Ga0.150In0.228Sn0.622,5.814270555555568
Ga0.373In0.059Sn0.568,5.371168888888885
Ga0.299In0.318Sn0.383,6.158055833333344
Ga0.055In0.869Sn0.076,4.70645666666667
Ga0.390In0.375Sn0.235,6.419961388888897
Ga0.578In0.230Sn0.192,5.674914722222231
Ga0.335In0.263Sn0.402,6.115834166666676
Ga0.276In0.246Sn0.478,6.06711472222223
Ga0.356In0.458Sn0.186,6.330180555555563
Ga0.339In0.168Sn0.493,5.756477500000008
Ga0.354In0.382Sn0.264,6.464970000000009
Ga0.173In0.703Sn0.124,5.873747222222227
Ga0.438In0.275Sn0.287,6.119868333333343
Ga0.398In0.316Sn0.286,6.30708611111112
Ga0.635In0.312Sn0.053,4.874730972222232
Ga0.467In0.026Sn0.507,5.090418611111114
Ga0.435In0.493Sn0.072,5.4884541666666715
Ga0.502In0.366Sn0.132,5.8281352777777835
Ga0.160In0.741Sn0.099,5.476113055555558
Ga0.276In0.558Sn0.166,6.388615000000005
Ga0.085In0.333Sn0.582,5.9642872222222305
Ga0.588In0.214Sn0.198,5.691675000000009
Ga0.091In0.472Sn0.437,6.581457500000003
Ga0.403In0.216Sn0.381,5.93785472222223
Ga0.299In0.177Sn0.524,5.849260833333345
Ga0.091In0.492Sn0.417,6.702203055555558
Ga0.143In0.393Sn0.464,6.436623888888895
Ga0.258In0.384Sn0.358,6.520985000000008
Ga0.340In0.201Sn0.459,5.910007500000008
Ga0.374In0.579Sn0.047,5.2946198611111175
Ga0.188In0.458Sn0.354,6.667560833333339
Ga0.749In0.160Sn0.091,5.567763611111124
Ga0.144In0.550Sn0.306,6.686465555555559
Ga0.478In0.125Sn0.397,5.433058611111115
Ga0.060In0.410Sn0.530,6.396434444444448
Ga0.531In0.439Sn0.030,4.790262500000007
Ga0.143In0.433Sn0.424,6.627991666666671
Ga0.532In0.068Sn0.400,5.239689166666668
Ga0.314In0.264Sn0.422,6.098709722222232
Ga0.346In0.423Sn0.231,6.457860833333339
Ga0.340In0.349Sn0.311,6.348093888888898
Ga0.065In0.466Sn0.469,6.574981944444446
Ga0.152In0.511Sn0.337,6.814633888888891
Ga0.600In0.347Sn0.053,4.86028597222223
Ga0.423In0.205Sn0.372,5.946492500000009
Ga0.538In0.100Sn0.362,5.26648333333334
Ga0.260In0.628Sn0.112,5.989039166666671
Ga0.447In0.059Sn0.494,5.214285833333333
Ga0.136In0.012Sn0.852,4.49536361111111
Ga0.823In0.105Sn0.072,5.627196111111129
Ga0.663In0.186Sn0.151,5.663373333333345
Ga0.451In0.204Sn0.345,5.820805833333341
Ga0.146In0.470Sn0.384,6.681652777777781
Ga0.289In0.557Sn0.154,6.405654166666672
Ga0.146In0.361Sn0.493,6.432856111111118
Ga0.363In0.334Sn0.303,6.327062222222232
Ga0.253In0.440Sn0.307,6.762293611111117
Ga0.315In0.313Sn0.372,6.212733055555565
Ga0.257In0.287Sn0.456,6.302226666666675
Ga0.239In0.247Sn0.514,6.237003888888897
Ga0.287In0.382Sn0.331,6.391103055555562
Ga0.119In0.555Sn0.326,6.70191055555556
Ga0.300In0.060Sn0.640,5.223694166666666
Ga0.260In0.705Sn0.035,5.238802916666672
Ga0.176In0.253Sn0.571,6.186895555555566
Ga0.296In0.423Sn0.281,6.423592500000005
Ga0.186In0.391Sn0.423,6.66174583333334
Ga0.085In0.387Sn0.528,6.268879722222227
Ga0.557In0.003Sn0.440,4.878795833333337
Ga0.296In0.328Sn0.376,6.162785833333343
Ga0.349In0.449Sn0.202,6.411708611111118
Ga0.250In0.279Sn0.471,6.288566666666675
Ga0.208In0.667Sn0.125,5.979163888888894
Ga0.057In0.579Sn0.364,6.646898611111116
Ga0.094In0.501Sn0.405,6.721119722222224
Ga0.177In0.717Sn0.106,5.701510833333337
Ga0.471In0.222Sn0.307,5.899333888888898
Ga0.428In0.168Sn0.404,5.823524444444453
Ga0.616In0.083Sn0.301,5.213570833333339
Ga0.360In0.304Sn0.336,6.208755833333341
Ga0.715In0.223Sn0.062,5.0938883333333465
Ga0.497In0.082Sn0.421,5.240471944444446
Ga0.203In0.668Sn0.129,6.022961111111116
Ga0.222In0.537Sn0.241,6.651536111111116
Ga0.425In0.065Sn0.510,5.309275555555557
Ga0.461In0.223Sn0.316,5.900950555555564
Ga0.342In0.516Sn0.142,6.316188333333337
Ga0.114In0.605Sn0.281,6.43471166666667
Ga0.142In0.448Sn0.410,6.616191111111115
Ga0.218In0.752Sn0.030,5.06074819444445
Ga0.437In0.391Sn0.172,6.090470277777785
Ga0.802In0.058Sn0.140,5.795498055555569
Ga0.828In0.158Sn0.014,5.296242916666686
Ga0.070In0.385Sn0.545,6.16471694444445
Ga0.369In0.216Sn0.415,6.023392500000008
Ga0.373In0.602Sn0.025,5.108682777777785
Ga0.031In0.201Sn0.768,4.8669427777777905
Ga0.286In0.296Sn0.418,6.216378055555563
Ga0.384In0.060Sn0.556,5.368284722222221
Ga0.162In0.330Sn0.508,6.344975555555564
Ga0.478In0.427Sn0.095,5.571202777777782
Ga0.152In0.401Sn0.447,6.60542555555556
Ga0.443In0.553Sn0.004,4.699344027777785
Ga0.532In0.326Sn0.142,5.832857777777784
Ga0.143In0.445Sn0.412,6.6204966666666705
Ga0.652In0.065Sn0.283,5.246605277777785
Ga0.398In0.151Sn0.451,5.688177777777787
Ga0.443In0.402Sn0.155,6.170712777777784
Ga0.447In0.302Sn0.251,6.137780555555565
Ga0.399In0.063Sn0.538,5.337460277777777
Ga0.507In0.435Sn0.058,5.133665555555561
Ga0.371In0.159Sn0.470,5.671278333333342
Ga0.364In0.510Sn0.126,6.190752500000004
Ga0.395In0.305Sn0.300,6.315523888888898
Ga0.002In0.712Sn0.286,6.573001111111116
Ga0.596In0.168Sn0.236,5.610424444444455
Ga0.278In0.289Sn0.433,6.24808472222223
Ga0.284In0.399Sn0.317,6.451798055555562
Ga0.482In0.309Sn0.209,6.089321666666674
Ga0.223In0.010Sn0.767,5.030035555555556
Ga0.832In0.096Sn0.072,5.606446666666684
Ga0.166In0.418Sn0.416,6.71075444444445
Ga0.563In0.044Sn0.393,5.013872777777779
Ga0.238In0.631Sn0.131,6.140282500000004
Ga0.299In0.393Sn0.308,6.430709166666674
Ga0.687In0.153Sn0.160,5.498450833333345
Ga0.477In0.004Sn0.519,5.0521994444444465
Ga0.386In0.505Sn0.109,5.980311111111116
Ga0.310In0.666Sn0.024,5.000440000000008
Ga0.394In0.112Sn0.494,5.47561555555556
Ga0.523In0.146Sn0.331,5.472514444444451
Ga0.236In0.395Sn0.369,6.579398611111119
Ga0.079In0.629Sn0.292,6.516144444444448
Ga0.425In0.170Sn0.405,5.823524444444453
Ga0.311In0.290Sn0.399,6.252772500000009
Ga0.391In0.286Sn0.323,6.213212777777787
Ga0.738In0.153Sn0.109,5.6094563888889
Ga0.567In0.061Sn0.372,5.129485000000002
Ga0.466In0.219Sn0.315,5.904367222222231
Ga0.660In0.275Sn0.065,5.071947222222232
Ga0.201In0.711Sn0.088,5.544285833333338
Ga0.267In0.395Sn0.338,6.450202500000007
Ga0.477In0.184Sn0.339,5.705297222222231
Ga0.391In0.255Sn0.354,6.012820277777787
Ga0.635In0.294Sn0.071,5.081786388888897
Ga0.302In0.495Sn0.203,6.530631111111116
Ga0.185In0.388Sn0.427,6.665429166666673
Ga0.416In0.201Sn0.383,5.923826944444453
Ga0.498Sn0.502,4.943586388888891
Ga0.297In0.013Sn0.690,5.050502777777782
Ga0.411In0.423Sn0.166,6.1697316666666735
Ga0.580In0.169Sn0.251,5.51782000000001
Ga0.148In0.429Sn0.423,6.659408888888892
Ga0.332In0.341Sn0.327,6.241609444444454
Ga0.305In0.450Sn0.245,6.450450833333339
Ga0.256In0.524Sn0.220,6.725165277777783
Ga0.028In0.377Sn0.595,6.017501666666675
Ga0.251In0.549Sn0.200,6.6376769444444506
Ga0.340In0.160Sn0.500,5.727330277777786
Ga0.267In0.405Sn0.328,6.55451583333334
Ga0.304In0.519Sn0.177,6.432724166666672
Ga0.650In0.093Sn0.257,5.226750555555564
Ga0.538In0.122Sn0.340,5.314525277777784
Ga0.356In0.452Sn0.192,6.354496666666673
Ga0.604In0.032Sn0.364,4.971127222222229
Ga0.262In0.280Sn0.458,6.262277222222229
Ga0.466In0.362Sn0.172,5.991848055555563
Ga0.087In0.674Sn0.239,6.252122777777781
Ga0.275In0.361Sn0.364,6.359571388888897
Ga0.013In0.775Sn0.212,5.993390555555556
Ga0.223In0.229Sn0.548,6.152170833333342
Ga0.299In0.671Sn0.030,5.0888012500000075
Ga0.443In0.120Sn0.437,5.408055833333339
Ga0.489In0.121Sn0.390,5.403358333333339
Ga0.427In0.025Sn0.548,5.206225555555558
Ga0.414In0.130Sn0.456,5.504424166666672
Ga0.399In0.368Sn0.233,6.349732500000008
Ga0.420In0.109Sn0.471,5.428144166666674
Ga0.111In0.401Sn0.488,6.395165555555559
Ga0.693In0.103Sn0.204,5.505391111111121
Ga0.377In0.481Sn0.142,6.274331666666671
Ga0.448In0.308Sn0.244,6.145669444444455
Ga0.011In0.481Sn0.508,6.803912222222222
Ga0.008In0.501Sn0.491,6.987941111111112
Ga0.477In0.129Sn0.394,5.432730277777782
Ga0.025In0.894Sn0.081,4.678989722222224
Ga0.078In0.532Sn0.390,6.587481666666669
Ga0.341In0.286Sn0.373,6.161011944444453
Ga0.025In0.467Sn0.508,6.680065000000001
Ga0.318In0.164Sn0.518,5.758845277777787
Ga0.054In0.441Sn0.505,6.539031944444446
Ga0.117In0.342Sn0.541,6.165850833333342
Ga0.248In0.417Sn0.335,6.654635277777783
Ga0.393In0.223Sn0.384,6.0139547222222305
Ga0.410In0.313Sn0.277,6.210056111111119
Ga0.263In0.411Sn0.326,6.619015833333341
Ga0.123In0.677Sn0.200,6.206211944444445
Ga0.054In0.428Sn0.518,6.396233888888892
Ga0.193In0.600Sn0.207,6.510917500000003
Ga0.341In0.244Sn0.415,6.068649166666675
Ga0.288In0.030Sn0.682,5.039474444444447
Ga0.045In0.746Sn0.209,6.109763055555554
Ga0.189In0.393Sn0.418,6.661259722222229
Ga0.243In0.566Sn0.191,6.5529861111111165
Ga0.356In0.519Sn0.125,6.178595000000005
Ga0.405In0.447Sn0.148,6.158816111111117
Ga0.410In0.069Sn0.521,5.319985277777778
Ga0.085In0.251Sn0.664,5.411009444444458
Ga0.021In0.066Sn0.913,3.750597222222223
Ga0.484In0.152Sn0.364,5.55701111111112
Ga0.324In0.313Sn0.363,6.156889166666676
Ga0.075In0.248Sn0.677,5.24218777777779
Ga0.298In0.542Sn0.160,6.317132500000006
Ga0.404In0.273Sn0.323,6.090697222222231
Ga0.275In0.394Sn0.331,6.4717908333333405
Ga0.184In0.148Sn0.668,5.567078888888903
Ga0.346In0.339Sn0.315,6.299496111111122
Ga0.310In0.603Sn0.087,5.632098055555559
Ga0.346In0.299Sn0.355,6.181806944444452
Ga0.502In0.447Sn0.051,5.015880555555563
Ga0.504In0.021Sn0.475,5.032495833333337
Ga0.298In0.349Sn0.353,6.16257500000001
Ga0.291In0.458Sn0.251,6.442539722222228
Ga0.425In0.477Sn0.098,5.780636111111115
Ga0.459In0.451Sn0.090,5.49553055555556
Ga0.297In0.106Sn0.597,5.558756944444453
Ga0.460In0.089Sn0.451,5.280934444444447
Ga0.031In0.337Sn0.632,5.7658913888889005
Ga0.048In0.401Sn0.551,6.248169444444447
Ga0.313In0.388Sn0.299,6.508998055555565
Ga0.265In0.445Sn0.290,6.628109722222227
Ga0.360In0.422Sn0.218,6.43726083333334
Ga0.193In0.441Sn0.366,6.64413194444445
Ga0.421In0.567Sn0.012,4.864931250000007
Ga0.117In0.062Sn0.821,4.404588055555551
Ga0.203In0.281Sn0.516,6.289958888888898
Ga0.714In0.187Sn0.099,5.4883922222222346
Ga0.270In0.392Sn0.338,6.450202500000007
Ga0.368In0.338Sn0.294,6.335973333333343
Ga0.290In0.336Sn0.374,6.1980191666666755
Ga0.223In0.396Sn0.381,6.588707500000008
Ga0.507In0.137Sn0.356,5.421056388888895
Ga0.419In0.480Sn0.101,5.807490277777783
Ga0.166In0.165Sn0.669,5.541676388888905
Ga0.430In0.253Sn0.317,5.99334111111112
Ga0.065In0.542Sn0.393,6.634167777777781
Ga0.135In0.264Sn0.601,5.934384444444459
Ga0.592In0.108Sn0.300,5.311160555555563
Ga0.884In0.022Sn0.094,5.661863555555577
Ga0.313In0.436Sn0.251,6.49548694444445
Ga0.215In0.188Sn0.597,6.078798888888904
Ga0.257In0.738Sn0.005,4.9218329166666726
Ga0.390In0.594Sn0.016,4.9878769444444515
Ga0.352In0.400Sn0.248,6.49250472222223
Ga0.130In0.187Sn0.683,5.353081944444461
Ga0.404In0.112Sn0.484,5.432085555555561
Ga0.291In0.295Sn0.414,6.200764722222231
Ga0.370In0.368Sn0.262,6.425017222222232
Ga0.050In0.439Sn0.511,6.463661666666669
Ga0.374In0.358Sn0.268,6.4153850000000086
Ga0.143In0.278Sn0.579,6.031250555555565
Ga0.739In0.025Sn0.236,5.44240027777779
Ga0.207In0.353Sn0.440,6.5701841666666745
Ga0.316In0.411Sn0.273,6.4567500000000075
Ga0.173In0.136Sn0.691,5.415849166666681
Ga0.256In0.202Sn0.542,6.109899722222233
Ga0.223In0.245Sn0.532,6.246547500000009
Ga0.429In0.558Sn0.013,4.877787638888895
Ga0.439In0.192Sn0.369,5.83178361111112
Ga0.432In0.116Sn0.452,5.456300277777785
Ga0.350In0.329Sn0.321,6.260179444444454
Ga0.387In0.569Sn0.044,5.246697361111118
Ga0.660In0.078Sn0.262,5.280235833333343
Ga0.282In0.487Sn0.231,6.591085000000003
Ga0.102In0.357Sn0.541,6.200655277777784
Ga0.641In0.042Sn0.317,5.043471111111117
Ga0.498In0.246Sn0.256,5.819319444444455
Ga0.700In0.187Sn0.113,5.509421111111123
Ga0.471In0.405Sn0.124,5.882375833333338
Ga0.343In0.357Sn0.300,6.427986388888897
Ga0.879In0.003Sn0.118,5.705224166666687
Ga0.412In0.279Sn0.309,6.156373888888898
Ga0.162In0.421Sn0.417,6.699837777777783
Ga0.315In0.140Sn0.545,5.694700000000009
Ga0.433In0.295Sn0.272,6.223006944444453
Ga0.625In0.314Sn0.061,4.929100833333343
Ga0.666In0.019Sn0.315,5.07684222222223
Ga0.644In0.035Sn0.321,5.028162222222229
Ga0.156In0.674Sn0.170,6.195170555555559
Ga0.286In0.005Sn0.709,5.10081027777778
Ga0.226In0.259Sn0.515,6.243419444444455
Ga0.088In0.382Sn0.530,6.247132222222227
Ga0.311In0.337Sn0.352,6.17041361111112
Ga0.059In0.356Sn0.585,6.080810277777784
Ga0.590In0.080Sn0.330,5.153571111111115
Ga0.195In0.467Sn0.338,6.717612500000005
Ga0.598In0.321Sn0.081,5.079289444444451
Ga0.418In0.173Sn0.409,5.81088111111112
Ga0.241In0.440Sn0.319,6.713843055555562
Ga0.321In0.355Sn0.324,6.323169166666677
Ga0.486In0.491Sn0.023,4.830014722222232
Ga0.383In0.582Sn0.035,5.140693750000007
Ga0.466In0.325Sn0.209,6.112703888888897
Ga0.008In0.327Sn0.665,5.612356111111125
Ga0.699In0.072Sn0.229,5.459362777777788
Ga0.066In0.451Sn0.483,6.488770833333335
Ga0.430In0.513Sn0.057,5.354036805555562
Ga0.141In0.294Sn0.565,6.109687777777788
Ga0.278In0.259Sn0.463,6.113122500000008
Ga0.167In0.216Sn0.617,5.941530555555569
Ga0.357In0.495Sn0.148,6.396113888888894
Ga0.565In0.205Sn0.230,5.732016944444454
Ga0.124In0.324Sn0.552,6.132438333333342
Ga0.030In0.494Sn0.476,6.8502
Ga0.055In0.764Sn0.181,5.855358611111108
Ga0.197In0.378Sn0.425,6.596866111111118
Ga0.407In0.516Sn0.077,5.511869166666671
Ga0.020In0.772Sn0.208,5.989657222222223
Ga0.434In0.456Sn0.110,5.8138019444444495
Ga0.504In0.010Sn0.486,4.9938622222222255
Ga0.218In0.057Sn0.725,5.150193611111109
Ga0.082In0.453Sn0.465,6.391970833333335
Ga0.562In0.239Sn0.199,5.762773611111121
Ga0.815In0.059Sn0.126,5.777003333333347
Ga0.180In0.383Sn0.437,6.586582222222229
Ga0.325In0.375Sn0.300,6.422559722222231
Ga0.115In0.501Sn0.384,6.7193022222222245
Ga0.658In0.003Sn0.339,4.975916111111117
Ga0.354In0.269Sn0.377,6.128141944444453
Ga0.029In0.034Sn0.937,3.717187500000001
Ga0.367In0.311Sn0.322,6.2520177777777866
Ga0.447In0.076Sn0.477,5.277705000000002
Ga0.293In0.462Sn0.245,6.457656388888895
Ga0.569In0.296Sn0.135,5.664923888888896
Ga0.010In0.512Sn0.478,6.923040555555555
Ga0.482In0.206Sn0.312,5.8712244444444535
Ga0.370In0.474Sn0.156,6.344417222222228
Ga0.090In0.547Sn0.363,6.605635000000004
Ga0.188In0.577Sn0.235,6.5775383333333375
Ga0.381In0.300Sn0.319,6.236048888888897
Ga0.098In0.550Sn0.352,6.6023672222222265
Ga0.489In0.175Sn0.336,5.653455277777787
Ga0.430In0.114Sn0.456,5.445853611111119
Ga0.614In0.094Sn0.292,5.2101863888888955
Ga0.180In0.542Sn0.278,6.694375833333337
Ga0.497In0.063Sn0.440,5.175591111111112
Ga0.501In0.264Sn0.235,5.919183333333343
Ga0.880In0.108Sn0.012,5.2417847222222465
Ga0.397In0.468Sn0.135,6.1250616666666735
Ga0.175In0.626Sn0.199,6.400196111111114
Ga0.270In0.134Sn0.596,5.7357188888889015
Ga0.401In0.093Sn0.506,5.354371388888892
Ga0.415In0.218Sn0.367,5.93634972222223
Ga0.157In0.463Sn0.380,6.704920000000005
Ga0.022In0.679Sn0.299,6.666884166666673
Ga0.544In0.183Sn0.273,5.718845277777788
Ga0.602In0.007Sn0.391,4.943292777777783
Ga0.453In0.269Sn0.278,6.066241111111121
Ga0.370In0.533Sn0.097,5.813616666666672
Ga0.210In0.308Sn0.482,6.3771861111111185
Ga0.143In0.644Sn0.213,6.284795555555559
Ga0.257In0.501Sn0.242,6.775533888888893
Ga0.219In0.523Sn0.258,6.745724444444448
Ga0.443In0.501Sn0.056,5.269382777777785
Ga0.159In0.795Sn0.046,4.830144166666671
Ga0.463In0.284Sn0.253,6.052843055555565
Ga0.635In0.211Sn0.154,5.649513055555566
Ga0.449In0.082Sn0.469,5.267348888888891
Ga0.237In0.346Sn0.417,6.560828611111121
Ga0.091In0.180Sn0.729,4.992550000000016
Ga0.722In0.186Sn0.092,5.507436944444458
Ga0.420In0.115Sn0.465,5.4678886111111185
Ga0.098In0.208Sn0.694,5.184953888888904
Ga0.185In0.745Sn0.070,5.442640694444447
Ga0.459In0.433Sn0.108,5.749347500000004
Ga0.348In0.315Sn0.337,6.213206388888897
Ga0.346In0.590Sn0.064,5.600826111111117
Ga0.086In0.675Sn0.239,6.252122777777781
Ga0.201In0.746Sn0.053,5.243019305555559
Ga0.156In0.422Sn0.422,6.696446111111116
Ga0.488In0.171Sn0.341,5.622341388888898
Ga0.339In0.126Sn0.535,5.603761944444449
Ga0.427In0.267Sn0.306,6.136377222222233
Ga0.573In0.105Sn0.322,5.222248888888895
Ga0.143In0.139Sn0.718,5.15055416666668
Ga0.040In0.009Sn0.951,3.7523125000000004
Ga0.070In0.701Sn0.229,6.2369502777777805
Ga0.269In0.398Sn0.333,6.528713611111118
Ga0.491In0.291Sn0.218,6.061655833333343
Ga0.772In0.176Sn0.052,5.376750138888903
Ga0.545In0.385Sn0.070,5.178696111111116
Ga0.102In0.565Sn0.333,6.598593333333337
Ga0.178In0.391Sn0.431,6.657712500000006
Ga0.211In0.603Sn0.186,6.423161111111115
Ga0.215In0.660Sn0.125,6.021853888888893
Ga0.250In0.199Sn0.551,6.110053611111121
Ga0.398In0.346Sn0.256,6.27222611111112
Ga0.595In0.257Sn0.148,5.648065833333343
Ga0.601In0.393Sn0.006,4.507131527777787
Ga0.318In0.263Sn0.419,6.078887500000008
Ga0.035In0.708Sn0.257,6.427127222222224
Ga0.445In0.479Sn0.076,5.427698611111115
Ga0.116In0.563Sn0.321,6.600707222222226
Ga0.522In0.297Sn0.181,5.869446111111119
Ga0.369In0.501Sn0.130,6.21977805555556
Ga0.091In0.423Sn0.486,6.430493888888891
Ga0.272In0.255Sn0.473,6.105469444444454
Ga0.001In0.649Sn0.350,6.635319444444449
Ga0.317In0.334Sn0.349,6.143025277777786
Ga0.402In0.501Sn0.097,5.74319694444445
Ga0.416In0.009Sn0.575,5.278624722222223
Ga0.684In0.057Sn0.259,5.2256202777777885
Ga0.348In0.433Sn0.219,6.482619166666673
Ga0.322In0.030Sn0.648,5.133914722222225
Ga0.652In0.166Sn0.182,5.498647777777789
Ga0.783In0.041Sn0.176,5.668244166666679
Ga0.665In0.085Sn0.250,5.294089444444453
Ga0.324In0.551Sn0.125,6.062455000000006
Ga0.150In0.203Sn0.647,5.70422305555557
Ga0.293In0.313Sn0.394,6.174639166666676
Ga0.466In0.149Sn0.385,5.612407222222228
Ga0.444In0.060Sn0.496,5.224969444444445
Ga0.206In0.485Sn0.309,6.816900833333339
Ga0.418In0.198Sn0.384,5.923826944444453
Ga0.430In0.183Sn0.387,5.8538483333333415
Ga0.298In0.052Sn0.650,5.141648888888889
Ga0.094In0.505Sn0.401,6.729344166666668
Ga0.338In0.274Sn0.388,6.1043425000000076
Ga0.196In0.222Sn0.582,6.145665833333344
Ga0.222In0.611Sn0.167,6.391400555555562
Ga0.401In0.322Sn0.277,6.244592222222231
Ga0.710In0.144Sn0.146,5.542026111111121
Ga0.494In0.151Sn0.355,5.5056263888888965
Ga0.536In0.270Sn0.194,5.896782222222231
Ga0.623In0.113Sn0.264,5.2955527777777895
Ga0.551In0.244Sn0.205,5.844230555555565
Ga0.191In0.433Sn0.376,6.7014758333333395
Ga0.329In0.370Sn0.301,6.4248352777777855
Ga0.601In0.342Sn0.057,4.927211944444452
Ga0.114In0.042Sn0.844,4.257156944444442
Ga0.122In0.477Sn0.401,6.712998888888892
Ga0.361In0.425Sn0.214,6.440010833333339
Ga0.320In0.595Sn0.085,5.611180277777782
Ga0.329In0.284Sn0.387,6.146659166666676
Ga0.401In0.458Sn0.141,6.131049444444451
Ga0.341In0.271Sn0.388,6.095067500000008
Ga0.310In0.264Sn0.426,6.115703611111121
Ga0.277In0.103Sn0.620,5.489907500000008
Ga0.259In0.282Sn0.459,6.287054444444452
Ga0.871In0.042Sn0.087,5.55108361111113
Ga0.344In0.376Sn0.280,6.445985833333341
Ga0.365In0.305Sn0.330,6.237169166666675
Ga0.468In0.493Sn0.039,5.0430084722222315
Ga0.747In0.119Sn0.134,5.736499722222235
Ga0.094In0.250Sn0.656,5.409265000000014
Ga0.400In0.277Sn0.323,6.109488888888897
Ga0.176In0.658Sn0.166,6.244233333333338
Ga0.485In0.469Sn0.046,5.0012952777777855
Ga0.326In0.282Sn0.392,6.123942500000008
Ga0.191In0.243Sn0.566,6.195246944444454
Ga0.351In0.285Sn0.364,6.163959166666675
Ga0.270In0.356Sn0.374,6.412772777777787
Ga0.108In0.352Sn0.540,6.1646769444444525
Ga0.179In0.547Sn0.274,6.680878611111115
Ga0.388In0.327Sn0.285,6.312581666666675
Ga0.091In0.800Sn0.109,5.085881388888893
Ga0.311In0.185Sn0.504,5.892140277777787
Ga0.056In0.635Sn0.309,6.688974722222226
Ga0.203In0.428Sn0.369,6.622359722222228
Ga0.436In0.233Sn0.331,5.984368611111119
Ga0.331In0.391Sn0.278,6.4764719444444525
Ga0.413In0.320Sn0.267,6.23329250000001
Ga0.163In0.388Sn0.449,6.60929444444445
Ga0.567In0.338Sn0.095,5.316976666666674
Ga0.567In0.276Sn0.157,5.6973475000000064
Ga0.428In0.148Sn0.424,5.642263888888894
Ga0.247In0.137Sn0.616,5.744665555555567
Ga0.114In0.470Sn0.416,6.617303888888893
Ga0.468In0.071Sn0.461,5.2130388888888906
Ga0.270In0.311Sn0.419,6.306296666666674
Ga0.068In0.283Sn0.649,5.564309722222235
Ga0.215In0.454Sn0.331,6.699548055555561
Ga0.191In0.341Sn0.468,6.468362222222231
Ga0.547In0.166Sn0.287,5.643901944444453
Ga0.442In0.407Sn0.151,6.164271111111117
Ga0.333In0.264Sn0.403,6.138179166666674
Ga0.359In0.118Sn0.523,5.603480000000005
Ga0.418In0.148Sn0.434,5.6411172222222286
Ga0.276In0.192Sn0.532,6.009088611111121
Ga0.500In0.125Sn0.375,5.403956666666672
Ga0.020In0.591Sn0.389,6.701350000000004
Ga0.366In0.442Sn0.192,6.421671666666673
Ga0.019In0.670Sn0.311,6.6808036111111155
Ga0.337In0.301Sn0.362,6.181317500000008
Ga0.459In0.255Sn0.286,6.015832222222231
Ga0.469In0.448Sn0.083,5.359354444444449
Ga0.594In0.021Sn0.385,5.005915555555561
Ga0.056In0.571Sn0.373,6.673675833333337
Ga0.529In0.096Sn0.375,5.282036666666672
Ga0.453In0.119Sn0.428,5.407667500000006
Ga0.463In0.340Sn0.197,6.094784166666674
Ga0.080In0.431Sn0.489,6.351355000000001
Ga0.345In0.321Sn0.334,6.235106388888897
Ga0.388In0.350Sn0.262,6.329795277777787
Ga0.483In0.447Sn0.070,5.259711388888894
Ga0.245In0.252Sn0.503,6.201953611111121
Ga0.434In0.419Sn0.147,6.189143333333337
Ga0.503In0.494Sn0.003,4.583821944444452
Ga0.343In0.332Sn0.325,6.233162777777787
Ga0.041In0.625Sn0.334,6.635103055555561
Ga0.268In0.487Sn0.245,6.686089444444449
Ga0.681In0.136Sn0.183,5.508226388888899
Ga0.313In0.678Sn0.009,4.8233356944444505
Ga0.319In0.513Sn0.168,6.353482222222227
Ga0.421In0.567Sn0.012,4.864931250000007
Ga0.324In0.338Sn0.338,6.150964166666675
Ga0.386In0.347Sn0.267,6.335361944444453
Ga0.347In0.319Sn0.334,6.235106388888897
Ga0.894In0.079Sn0.027,5.275796388888913
Ga0.318In0.319Sn0.363,6.164955833333343
Ga0.337In0.352Sn0.311,6.390338333333342
Ga0.381In0.260Sn0.359,6.0141486111111195
Ga0.345In0.268Sn0.387,6.119389722222231
Ga0.124In0.625Sn0.251,6.351802500000002
Ga0.566In0.231Sn0.203,5.733298888888899
Ga0.528In0.157Sn0.315,5.563373055555564
Ga0.855In0.022Sn0.123,5.798026111111129
Ga0.341In0.270Sn0.389,6.095067500000008
Ga0.219In0.532Sn0.249,6.676782777777783
Ga0.412In0.307Sn0.281,6.239280000000009
Ga0.056In0.827Sn0.117,5.159508333333337
Ga0.516In0.155Sn0.329,5.511989166666676
Ga0.193In0.382Sn0.425,6.617990555555562
Ga0.686In0.019Sn0.295,5.135405277777786
Ga0.712In0.147Sn0.141,5.5468538888889
Ga0.145In0.469Sn0.386,6.6853361111111145
Ga0.021In0.602Sn0.377,6.661052777777783
Ga0.274In0.109Sn0.617,5.544900833333342
Ga0.034In0.473Sn0.493,6.750276111111111
Ga0.287In0.279Sn0.434,6.149980277777785
Ga0.423In0.506Sn0.071,5.534620277777782
Ga0.014In0.342Sn0.644,5.766611388888901
Ga0.221In0.567Sn0.212,6.606584166666672
Ga0.093In0.297Sn0.610,5.7767788888889005
Ga0.434In0.409Sn0.157,6.182846111111118
Ga0.309In0.355Sn0.336,6.332224722222232
Ga0.329In0.443Sn0.228,6.469985277777784
Ga0.422In0.506Sn0.072,5.534620277777782
Ga0.382In0.248Sn0.370,6.017891944444453
Ga0.354In0.299Sn0.347,6.185067500000008
Ga0.223In0.687Sn0.090,5.640127500000005
Ga0.210In0.472Sn0.318,6.730668055555561
Ga0.318In0.311Sn0.371,6.212733055555565
Ga0.381In0.184Sn0.435,5.854588888888897
Ga0.265In0.245Sn0.490,6.104115277777786
Ga0.302In0.354Sn0.344,6.220604444444453
Ga0.383In0.502Sn0.115,6.021506944444449
Ga0.474In0.024Sn0.502,5.069239722222226
Ga0.207In0.347Sn0.446,6.51602472222223
Ga0.327In0.300Sn0.373,6.182147500000008
Ga0.186In0.346Sn0.468,6.501881388888898
Ga0.138In0.426Sn0.436,6.569622222222226
Ga0.333In0.265Sn0.402,6.144767500000008
Ga0.317In0.242Sn0.441,6.046896388888897
Ga0.279In0.659Sn0.062,5.432338055555561
Ga0.185In0.591Sn0.224,6.533687500000004
Ga0.163In0.827Sn0.010,4.5393951388888905
Ga0.275In0.412Sn0.313,6.59322972222223
Ga0.381In0.253Sn0.366,5.999255833333343
Ga0.211In0.354Sn0.435,6.562323055555564
Ga0.323In0.277Sn0.400,6.183733611111119
Ga0.742In0.144Sn0.114,5.644730000000011
Ga0.088In0.460Sn0.452,6.537723611111113
Ga0.839In0.148Sn0.013,5.2889651388889085
Ga0.116In0.158Sn0.726,4.98326194444446
Ga0.135In0.720Sn0.145,5.86526305555556
Ga0.344In0.243Sn0.413,6.072780833333341
Ga0.286In0.402Sn0.312,6.492336944444451
Ga0.232In0.661Sn0.107,5.920806111111116
Ga0.228In0.338Sn0.434,6.494849444444452
Ga0.206In0.435Sn0.359,6.627258611111118
Ga0.287In0.491Sn0.222,6.586578611111114
Ga0.200In0.187Sn0.613,5.984394444444459
Ga0.344In0.352Sn0.304,6.40786611111112
Ga0.541In0.321Sn0.138,5.782003333333341
Ga0.221In0.576Sn0.203,6.583152222222227
Ga0.282In0.325Sn0.393,6.21503861111112
Ga0.425In0.171Sn0.404,5.823524444444453
Ga0.695In0.214Sn0.091,5.33731277777779
Ga0.242In0.579Sn0.179,6.487483888888894
Ga0.266In0.182Sn0.552,5.981049722222233
Ga0.452In0.097Sn0.451,5.377887777777784
Ga0.278In0.214Sn0.508,5.978233333333342
Ga0.347In0.264Sn0.389,6.1038313888888975
Ga0.324In0.484Sn0.192,6.4200127777777825
Ga0.207In0.409Sn0.384,6.629951388888896
Ga0.208In0.499Sn0.293,6.868159166666671
Ga0.427In0.477Sn0.096,5.754413888888894
Ga0.378In0.297Sn0.325,6.23167111111112
Ga0.391In0.561Sn0.048,5.294950416666674
Ga0.023In0.590Sn0.387,6.7008250000000045
Ga0.411In0.282Sn0.307,6.160635555555565
Ga0.563In0.432Sn0.005,4.474079444444453
Ga0.438In0.483Sn0.079,5.474542500000004
Ga0.379In0.371Sn0.250,6.377035833333341
Ga0.429In0.357Sn0.214,6.309341388888896
Ga0.035In0.693Sn0.272,6.519174444444447
Ga0.382In0.381Sn0.237,6.415046944444452
Ga0.619In0.325Sn0.056,4.859848194444454
Ga0.354In0.272Sn0.374,6.137553055555563
Ga0.567In0.422Sn0.011,4.542773888888897
Ga0.103In0.290Sn0.607,5.771720555555567
Ga0.484In0.151Sn0.365,5.568600000000008
Ga0.166In0.496Sn0.338,6.802976111111114
Ga0.425In0.408Sn0.167,6.185815555555563
Ga0.160In0.839Sn0.001,4.470061388888891
Ga0.115In0.262Sn0.623,5.700240555555568
Ga0.065In0.394Sn0.541,6.210752777777784
Ga0.280In0.412Sn0.308,6.537902500000007
Ga0.005In0.795Sn0.200,5.863463055555556
Ga0.490In0.231Sn0.279,5.913248611111118
Ga0.410In0.322Sn0.268,6.195490833333343
Ga0.576In0.105Sn0.319,5.239900555555563
Ga0.615In0.338Sn0.047,4.867497638888899
Ga0.611In0.341Sn0.048,4.84218486111112
Ga0.136In0.450Sn0.414,6.594549444444449
Ga0.680In0.064Sn0.256,5.2532030555555655
Ga0.418In0.512Sn0.070,5.516847500000005
Ga0.397In0.265Sn0.338,6.058890833333343
Ga0.108In0.295Sn0.597,5.834489444444457
Ga0.300In0.362Sn0.338,6.26956583333334
Ga0.504In0.107Sn0.389,5.336025000000006
Ga0.310In0.501Sn0.189,6.472303888888893
Ga0.615In0.279Sn0.106,5.385526666666674
Ga0.354In0.278Sn0.368,6.131458611111119
Ga0.425In0.370Sn0.205,6.325914444444452
Ga0.119In0.411Sn0.470,6.4933350000000045
Ga0.210In0.536Sn0.254,6.6543300000000025
Ga0.488In0.267Sn0.245,5.9964744444444555
Ga0.405In0.119Sn0.476,5.430973611111118
Ga0.452In0.166Sn0.382,5.706563333333342
Ga0.572In0.127Sn0.301,5.345216666666673
Ga0.540In0.400Sn0.060,5.094113611111117
Ga0.836In0.063Sn0.101,5.708630555555571
Ga0.177In0.166Sn0.657,5.662075555555573
Ga0.087In0.834Sn0.079,4.7589070833333365
Ga0.227In0.356Sn0.417,6.627812222222231
Ga0.368In0.359Sn0.273,6.430237222222231
Ga0.111In0.594Sn0.295,6.530706111111115
Ga0.672In0.044Sn0.284,5.1544075000000085
Ga0.311In0.331Sn0.358,6.17614861111112
Ga0.184In0.551Sn0.265,6.680000833333337
Ga0.274In0.453Sn0.273,6.509978333333339
Ga0.718In0.005Sn0.277,5.225630277777786
Ga0.277In0.377Sn0.346,6.367180277777784
Ga0.202In0.018Sn0.780,4.989640000000001
Ga0.098In0.507Sn0.395,6.683702500000001
Ga0.265In0.337Sn0.398,6.341771666666675
Ga0.311In0.524Sn0.165,6.390679722222228
Ga0.472In0.486Sn0.042,5.032435277777787
Ga0.265In0.295Sn0.440,6.319702222222229
Ga0.156In0.117Sn0.727,5.222940555555565
Ga0.223In0.685Sn0.092,5.67735805555556
Ga0.077In0.472Sn0.451,6.51191527777778
Ga0.457In0.195Sn0.348,5.770850277777787
Ga0.379In0.388Sn0.233,6.449094722222229
Ga0.155In0.095Sn0.750,5.02484916666667
Ga0.184In0.572Sn0.244,6.601288888888893
Ga0.389In0.388Sn0.223,6.394191944444451
Ga0.720In0.166Sn0.114,5.5385344444444575
Ga0.401In0.355Sn0.244,6.295057500000009
Ga0.327In0.346Sn0.327,6.2538155555555655
Ga0.254In0.138Sn0.608,5.768957777777791
Ga0.040In0.478Sn0.482,6.720370555555557
Ga0.602In0.303Sn0.095,5.318091666666674
Ga0.335In0.335Sn0.330,6.2177419444444535
Ga0.070In0.150Sn0.780,4.6067475000000115
Ga0.217In0.493Sn0.290,6.8158397222222264
Ga0.434In0.478Sn0.088,5.5627622222222275
Ga0.223In0.384Sn0.393,6.589997777777786
Ga0.273In0.268Sn0.459,6.17734972222223
Ga0.374In0.101Sn0.525,5.546178611111115
Ga0.287In0.223Sn0.490,5.920797777777785
Ga0.413In0.081Sn0.506,5.351415833333334
Ga0.421In0.079Sn0.500,5.376821111111112
Ga0.645In0.044Sn0.311,5.0906763888888955
Ga0.013In0.452Sn0.535,6.540873055555556
Ga0.472In0.305Sn0.223,6.0703950000000075
Ga0.294In0.347Sn0.359,6.185856111111121
Ga0.216In0.255Sn0.529,6.29446111111112
Ga0.489In0.466Sn0.045,5.018467500000008
Ga0.496In0.036Sn0.468,5.028896388888892
Ga0.103In0.437Sn0.460,6.437208611111113
Ga0.665In0.265Sn0.070,5.070019444444456
Ga0.223In0.443Sn0.334,6.6971769444444496
Ga0.404In0.330Sn0.266,6.239518611111121
Ga0.373In0.176Sn0.451,5.78770611111112
Ga0.472In0.235Sn0.293,5.980950555555563
Ga0.359In0.207Sn0.434,5.945459166666676
Ga0.473In0.089Sn0.438,5.240842222222224
Ga0.566In0.086Sn0.348,5.133382222222226
Ga0.740In0.187Sn0.073,5.437278055555568
Ga0.663In0.238Sn0.099,5.361987500000011
Ga0.818In0.051Sn0.131,5.744936388888904
Ga0.508In0.106Sn0.386,5.338775000000006
Ga0.125In0.509Sn0.366,6.714725000000002
Ga0.437In0.290Sn0.273,6.1518152777777875
Ga0.462In0.050Sn0.488,5.08837
Ga0.137In0.396Sn0.467,6.429779444444451
Ga0.369In0.263Sn0.368,6.057680277777787
Ga0.174In0.277Sn0.549,6.258477777777787
Ga0.217In0.567Sn0.216,6.5850730555555606
Ga0.182In0.095Sn0.723,5.204549444444449
Ga0.592In0.018Sn0.390,4.99116555555556
Ga0.376In0.365Sn0.259,6.386203888888898
Ga0.224In0.278Sn0.498,6.326705277777785
Ga0.433In0.227Sn0.340,5.913202500000007
Ga0.038In0.374Sn0.588,6.024701111111118
Ga0.097In0.749Sn0.154,5.708118888888888
Ga0.668In0.277Sn0.055,4.941187638888899
Ga0.211In0.377Sn0.412,6.603274444444452
Ga0.053In0.519Sn0.428,6.8131047222222225
Ga0.273In0.294Sn0.433,6.297398611111118
Ga0.446In0.243Sn0.311,6.000433888888899
Ga0.128In0.690Sn0.182,6.043967222222224
Ga0.031In0.422Sn0.547,6.328992777777781
Ga0.377In0.556Sn0.067,5.560612500000005
Ga0.801In0.068Sn0.131,5.8068450000000125
Ga0.084In0.361Sn0.555,6.158253611111117
Ga0.002In0.451Sn0.547,6.509037222222223
Ga0.135In0.782Sn0.083,5.0658677777777825
Ga0.253In0.620Sn0.127,6.150683055555561
Ga0.163In0.310Sn0.527,6.387943055555564
Ga0.030In0.453Sn0.517,6.53957388888889
Ga0.462In0.087Sn0.451,5.270701666666669
Ga0.321In0.356Sn0.323,6.341330277777788
Ga0.349In0.338Sn0.313,6.333079444444455
Ga0.310In0.332Sn0.358,6.182048611111121
Ga0.552In0.375Sn0.073,5.143058888888894
Ga0.430In0.186Sn0.384,5.886259444444454
Ga0.308In0.200Sn0.492,5.903949444444453
Ga0.018In0.512Sn0.470,6.8872472222222205
Ga0.298In0.320Sn0.382,6.157055833333343
Ga0.248In0.304Sn0.448,6.382248333333341
Ga0.400In0.205Sn0.395,5.923696944444453
Ga0.175In0.782Sn0.043,4.986088611111117
Ga0.289In0.380Sn0.331,6.381786388888896
Ga0.518In0.331Sn0.151,5.870842777777786
Ga0.142In0.067Sn0.791,4.676883055555553
Ga0.291In0.432Sn0.277,6.455900833333338
Ga0.207In0.274Sn0.519,6.26630111111112
Ga0.436In0.418Sn0.146,6.179398888888894
Ga0.334In0.379Sn0.287,6.463071388888897
Ga0.586In0.026Sn0.388,4.9677150000000045
Ga0.127In0.606Sn0.267,6.428296666666671
Ga0.218In0.339Sn0.443,6.471173888888897
Ga0.380In0.039Sn0.581,5.320053611111111
Ga0.461In0.206Sn0.333,5.864894722222231
Ga0.388In0.202Sn0.410,5.986334722222231
Ga0.081In0.258Sn0.661,5.31011166666668
Ga0.026In0.725Sn0.249,6.335270277777778
Ga0.534In0.009Sn0.457,4.9287394444444494
Ga0.426In0.062Sn0.512,5.308163333333334
Ga0.427In0.216Sn0.357,5.891913611111119
Ga0.459In0.443Sn0.098,5.650641111111116
Ga0.068In0.775Sn0.157,5.6206361111111125
Ga0.277In0.116Sn0.607,5.5772697222222325
Ga0.314In0.349Sn0.337,6.233418888888899
Ga0.631In0.323Sn0.046,4.840974027777788
Ga0.551In0.432Sn0.017,4.673041944444453
Ga0.634In0.194Sn0.172,5.579163055555566
Ga0.264In0.303Sn0.433,6.31120222222223
Ga0.166In0.653Sn0.181,6.224584166666669
Ga0.266In0.359Sn0.375,6.41650611111112
Ga0.955In0.013Sn0.032,5.266912222222252
Ga0.487In0.119Sn0.394,5.3935291666666725
Ga0.468In0.223Sn0.309,5.9264172222222316
Ga0.132In0.277Sn0.591,5.939840000000012
Ga0.286In0.544Sn0.170,6.385909722222227
Ga0.374In0.428Sn0.198,6.414225277777785
Ga0.048In0.775Sn0.177,5.774656388888889
Ga0.307In0.171Sn0.522,5.850413055555567
Ga0.281In0.339Sn0.380,6.206576944444453
Ga0.051In0.071Sn0.878,3.9273780555555566
Ga0.047In0.332Sn0.621,5.756463055555567
Ga0.255In0.358Sn0.387,6.510976111111121
Ga0.121In0.526Sn0.353,6.6941561111111145
Ga0.325In0.452Sn0.223,6.375671388888895
Ga0.480In0.465Sn0.055,5.123789861111118
Ga0.335In0.458Sn0.207,6.403239166666673
Ga0.636In0.318Sn0.046,4.860482361111122
Ga0.584In0.366Sn0.050,4.852489305555563
Ga0.465In0.351Sn0.184,6.076928333333341
Ga0.343In0.312Sn0.345,6.163781388888896
Ga0.482In0.064Sn0.454,5.170064722222223
Ga0.429In0.111Sn0.460,5.459278611111118
Ga0.421In0.419Sn0.160,6.1957961111111155
Ga0.205In0.330Sn0.465,6.379998333333343
Ga0.371In0.328Sn0.301,6.323948888888898
Ga0.257In0.388Sn0.355,6.540009166666674
Ga0.349In0.588Sn0.063,5.563742777777784
Ga0.232In0.373Sn0.395,6.545130555555564
Ga0.332In0.452Sn0.216,6.384178055555561
Ga0.299In0.327Sn0.374,6.163785833333343
Ga0.412In0.334Sn0.254,6.193027222222232
Ga0.237In0.183Sn0.580,6.104188888888899
Ga0.240In0.460Sn0.300,6.760628611111116
Ga0.398In0.493Sn0.109,5.915363888888895
Ga0.209In0.239Sn0.552,6.200318055555564
Ga0.597In0.111Sn0.292,5.324710555555563
Ga0.720In0.019Sn0.261,5.273557500000011
Ga0.288In0.366Sn0.346,6.295701944444451
Ga0.416In0.288Sn0.296,6.237843888888897
Ga0.344In0.361Sn0.295,6.454918611111119
Ga0.494In0.042Sn0.464,5.07127527777778
Ga0.514In0.395Sn0.091,5.483161111111116
Ga0.274In0.692Sn0.034,5.1182398611111175
Ga0.061In0.466Sn0.473,6.677781666666668
Ga0.104In0.523Sn0.373,6.641985555555558
Ga0.299In0.316Sn0.385,6.158055833333344
Ga0.580In0.376Sn0.044,4.783272083333341
Ga0.601In0.242Sn0.157,5.641489722222231
Ga0.065In0.181Sn0.754,4.818247222222234
Ga0.194In0.563Sn0.243,6.582491111111115
Ga0.010In0.544Sn0.446,6.807207222222223
Ga0.355In0.516Sn0.129,6.204833611111115
Ga0.365In0.351Sn0.284,6.414698888888898
Ga0.093In0.153Sn0.754,4.778252777777792
Ga0.486In0.343Sn0.171,5.883275277777786
Ga0.460In0.188Sn0.352,5.75039111111112
Ga0.384In0.385Sn0.231,6.420617500000008
Ga0.414In0.103Sn0.483,5.411060277777784
Ga0.131In0.134Sn0.735,5.01900277777779
Ga0.319In0.437Sn0.244,6.4656763888888955
Ga0.301In0.521Sn0.178,6.398174166666672
Ga0.694In0.022Sn0.284,5.169268055555565
Ga0.576In0.024Sn0.400,5.059241944444448
Ga0.445In0.283Sn0.272,6.115441666666676
Ga0.492In0.417Sn0.091,5.523041944444449
Ga0.245In0.389Sn0.366,6.550654166666674
Ga0.121In0.516Sn0.363,6.733300555555559
Ga0.042In0.655Sn0.303,6.677486944444449
Ga0.323In0.461Sn0.216,6.400116388888895
Ga0.425In0.573Sn0.002,4.732312083333339
Ga0.496In0.167Sn0.337,5.579647500000008
Ga0.342In0.581Sn0.077,5.592905833333337
Ga0.372In0.166Sn0.462,5.7423294444444535
Ga0.120In0.319Sn0.561,6.076350000000009
Ga0.718In0.129Sn0.153,5.592285277777789
Ga0.557In0.059Sn0.384,5.118552500000001
Ga0.260In0.654Sn0.086,5.6585386111111164
Ga0.196In0.350Sn0.454,6.51411861111112
Ga0.646In0.124Sn0.230,5.466798611111121
Ga0.233In0.149Sn0.618,5.801663888888901
Ga0.374In0.267Sn0.359,6.0672602777777875
Ga0.014In0.232Sn0.754,4.999192500000014
Ga0.414In0.385Sn0.201,6.353985277777785
Ga0.301In0.278Sn0.421,6.106571944444452
Ga0.043In0.511Sn0.446,6.831819444444443
Ga0.139In0.753Sn0.108,5.434731944444446
Ga0.317In0.616Sn0.067,5.544723055555561
Ga0.465In0.334Sn0.201,6.097062222222231
Ga0.370In0.622Sn0.008,4.904492083333341
Ga0.496In0.037Sn0.467,5.078496388888893
Ga0.379In0.229Sn0.392,6.0072713888888964
Ga0.263In0.416Sn0.321,6.591979722222229
Ga0.259In0.060Sn0.681,5.171088888888889
Ga0.391In0.178Sn0.431,5.839462777777787
Ga0.215In0.435Sn0.350,6.677549166666672
Ga0.139In0.289Sn0.572,6.093145555555566
Ga0.293In0.029Sn0.678,5.0080694444444465
Ga0.510In0.363Sn0.127,5.773335277777783
Ga0.394In0.349Sn0.257,6.319927222222232
Ga0.085In0.498Sn0.417,6.723161388888891
Ga0.414In0.311Sn0.275,6.2466911111111205
Ga0.439In0.232Sn0.329,5.925786666666675
Ga0.686In0.148Sn0.166,5.510723055555566
Ga0.025In0.394Sn0.581,6.12246944444445
Ga0.560In0.421Sn0.019,4.592326944444453
Ga0.403In0.371Sn0.226,6.288371388888897
Ga0.204In0.265Sn0.531,6.277503055555565
Ga0.328In0.321Sn0.351,6.140036388888898
Ga0.122In0.593Sn0.285,6.529623333333336
Ga0.176In0.347Sn0.477,6.498151666666675
Ga0.010In0.566Sn0.424,6.784846111111113
Ga0.495In0.043Sn0.462,5.048471388888891
Ga0.277In0.584Sn0.139,6.248423333333338
Ga0.319In0.475Sn0.206,6.464075277777782
Ga0.149In0.622Sn0.229,6.386028888888892
Ga0.750In0.078Sn0.172,5.674248055555565
Ga0.129In0.476Sn0.395,6.633449444444448
Ga0.435In0.131Sn0.434,5.4985263888888944
Ga0.349In0.371Sn0.280,6.448496944444452
Ga0.541In0.033Sn0.426,4.980849722222225
Ga0.287In0.262Sn0.451,6.06483472222223
Ga0.422In0.417Sn0.161,6.203101666666671
Ga0.475In0.156Sn0.369,5.57767722222223
Ga0.548In0.433Sn0.019,4.691540277777786
Ga0.395In0.373Sn0.232,6.402603055555564
Ga0.425In0.260Sn0.315,6.072048888888899
Ga0.278In0.372Sn0.350,6.348475277777784
Ga0.067In0.006Sn0.927,3.8576383333333304
Ga0.421In0.331Sn0.248,6.224783333333343
Ga0.348In0.587Sn0.065,5.595434444444449
Ga0.463In0.518Sn0.019,4.805298472222232
Ga0.419In0.140Sn0.441,5.615065555555562
Ga0.613In0.119Sn0.268,5.356733888888899
Ga0.640In0.253Sn0.107,5.346377500000011
Ga0.439In0.377Sn0.184,6.176334166666674
Ga0.342In0.268Sn0.390,6.098289722222231
Ga0.692In0.189Sn0.119,5.5178397222222335
Ga0.053In0.502Sn0.445,6.845947777777777
Ga0.022In0.906Sn0.072,4.564819027777782
Ga0.266In0.424Sn0.310,6.610143611111117
Ga0.043In0.232Sn0.725,5.021746388888902
Ga0.392In0.384Sn0.224,6.416331388888897
Ga0.230In0.377Sn0.393,6.56354722222223
Ga0.738In0.197Sn0.065,5.400926111111124
Ga0.414In0.306Sn0.280,6.239280000000009
Ga0.689In0.054Sn0.257,5.185423611111121
Ga0.577In0.371Sn0.052,4.843247361111119
Ga0.362In0.553Sn0.085,5.661508333333338
Ga0.353In0.389Sn0.258,6.463041388888898
Ga0.495In0.497Sn0.008,4.658579444444452
Ga0.336In0.417Sn0.247,6.447263055555562
Ga0.027In0.682Sn0.291,6.620934166666672
Ga0.285In0.142Sn0.573,5.756911666666675
Ga0.654In0.129Sn0.217,5.480198055555565
Ga0.249In0.576Sn0.175,6.535026111111117
Ga0.354In0.304Sn0.342,6.193006388888896
Ga0.012In0.251Sn0.737,5.081486111111126
Ga0.573In0.341Sn0.086,5.105402222222229
Ga0.200In0.577Sn0.223,6.543614722222227
Ga0.026In0.500Sn0.474,6.894699999999999
Ga0.524In0.023Sn0.453,5.025925555555559
Ga0.474In0.047Sn0.479,5.043739166666667
Ga0.432In0.147Sn0.421,5.653095000000005
Ga0.175In0.471Sn0.354,6.6728422222222274
Ga0.426In0.502Sn0.072,5.530720277777782
Ga0.371In0.505Sn0.124,6.1798363888888925
Ga0.524In0.455Sn0.021,4.684925555555564
Ga0.476In0.154Sn0.370,5.585843888888897
Ga0.482In0.442Sn0.076,5.344016388888894
Ga0.390In0.334Sn0.276,6.325637777777787
Ga0.051In0.808Sn0.141,5.434971666666668
Ga0.564In0.006Sn0.430,4.84695666666667
Ga0.432In0.383Sn0.185,6.2465586111111175
Ga0.492In0.037Sn0.471,5.052513055555559
Ga0.402In0.391Sn0.207,6.372596944444451
Ga0.635In0.070Sn0.295,5.199321944444451
Ga0.448In0.061Sn0.491,5.2139694444444435
Ga0.347In0.295Sn0.358,6.191685833333341
Ga0.041In0.460Sn0.499,6.677785833333333
Ga0.754In0.094Sn0.152,5.716033888888899
Ga0.541In0.061Sn0.398,5.216781111111112
Ga0.328In0.338Sn0.334,6.17328361111112
Ga0.483In0.041Sn0.476,5.0585883333333355
Ga0.477In0.341Sn0.182,5.926405000000007
Ga0.305In0.135Sn0.560,5.708337500000009
Ga0.585In0.093Sn0.322,5.131179166666672
Ga0.315In0.327Sn0.358,6.147726944444454
Ga0.372In0.452Sn0.176,6.232892222222229
Ga0.576In0.160Sn0.264,5.527353055555566
Ga0.486In0.048Sn0.466,5.073671111111111
Ga0.079In0.775Sn0.146,5.482341666666668
Ga0.469In0.405Sn0.126,5.8847002777777835
Ga0.266In0.331Sn0.403,6.337733333333341
Ga0.391In0.403Sn0.206,6.422361388888896
Ga0.415In0.340Sn0.245,6.223324444444454
Ga0.509In0.194Sn0.297,5.7860641666666766
Ga0.284In0.346Sn0.370,6.228582222222231
Ga0.441In0.067Sn0.492,5.237471666666667
Ga0.297In0.182Sn0.521,5.86752250000001
Ga0.382In0.271Sn0.347,6.069100277777785
Ga0.686In0.136Sn0.178,5.493747777777788
Ga0.653In0.300Sn0.047,4.905757361111123
Ga0.396In0.324Sn0.280,6.302039444444453
Ga0.326In0.101Sn0.573,5.514075555555559
Ga0.548In0.022Sn0.430,4.971955277777781
Ga0.295In0.312Sn0.393,6.175005833333342
Ga0.598In0.195Sn0.207,5.755277500000009
Ga0.331In0.154Sn0.515,5.711043055555564
Ga0.336In0.140Sn0.524,5.728676944444452
Ga0.358In0.388Sn0.254,6.459818611111118
Ga0.370In0.467Sn0.163,6.314372777777786
Ga0.036In0.402Sn0.562,6.212652222222226
Ga0.366In0.411Sn0.223,6.465424166666674
Ga0.379In0.047Sn0.574,5.298848055555552
Ga0.209In0.181Sn0.610,5.949351111111125
Ga0.193In0.529Sn0.278,6.73420916666667
Ga0.050In0.568Sn0.382,6.6503519444444485
Ga0.271In0.375Sn0.354,6.366431666666674
Ga0.547In0.216Sn0.237,5.81509361111112
Ga0.462In0.420Sn0.118,5.768819166666671
Ga0.240In0.280Sn0.480,6.34144944444445
Ga0.412In0.576Sn0.012,4.868409305555562
Ga0.186In0.244Sn0.570,6.2055602777777885
Ga0.201In0.338Sn0.461,6.442241666666676
Ga0.715In0.151Sn0.134,5.511644722222234
Ga0.364In0.110Sn0.526,5.586251666666672
Ga0.443In0.200Sn0.357,5.817582500000008
Ga0.608In0.295Sn0.097,5.323703333333341
Ga0.265In0.199Sn0.536,6.045697222222233
Ga0.034In0.597Sn0.369,6.647175555555561
Ga0.268In0.536Sn0.196,6.541099444444449
Ga0.429In0.201Sn0.370,5.908781944444454
Ga0.196In0.018Sn0.786,4.978742222222223
Ga0.264In0.433Sn0.303,6.660824166666672
Ga0.024In0.317Sn0.659,5.595420000000014
Ga0.046In0.316Sn0.638,5.679182500000012
Ga0.381In0.119Sn0.500,5.525855555555561
Ga0.463In0.366Sn0.171,5.9884313888888965
Ga0.286In0.371Sn0.343,6.295701944444451
Ga0.502In0.230Sn0.268,5.822795833333342
Ga0.447In0.152Sn0.401,5.698654444444451
Ga0.493In0.144Sn0.363,5.47428583333334
Ga0.838In0.020Sn0.142,5.83121083333335
Ga0.375In0.245Sn0.380,6.032936944444453
Ga0.303In0.281Sn0.416,6.165266944444452
Ga0.178In0.434Sn0.388,6.688181388888895
Ga0.216In0.551Sn0.233,6.621761944444449
Ga0.060In0.450Sn0.490,6.597663611111113
Ga0.719In0.072Sn0.209,5.577603333333342
Ga0.306In0.069Sn0.625,5.3413988888888895
Ga0.476In0.354Sn0.170,5.971181111111117
Ga0.526In0.291Sn0.183,5.885176666666674
Ga0.317In0.327Sn0.356,6.130525833333342
Ga0.033In0.698Sn0.269,6.5083300000000035
Ga0.542In0.417Sn0.041,4.9043777777777855
Ga0.444In0.016Sn0.540,5.19581527777778
Ga0.405In0.226Sn0.369,5.93296972222223
Ga0.204In0.350Sn0.446,6.519891388888897
Ga0.340In0.166Sn0.494,5.726269722222229
Ga0.123In0.098Sn0.779,4.722637500000004
Ga0.533In0.285Sn0.182,5.840936388888897
Ga0.012In0.887Sn0.101,4.870864722222224
Ga0.453In0.438Sn0.109,5.762946388888893
Ga0.314In0.602Sn0.084,5.608587500000005
Ga0.254In0.159Sn0.587,5.887922222222236
Ga0.429In0.449Sn0.122,5.9292752777777835
Ga0.516In0.399Sn0.085,5.350738888888894
Ga0.119In0.535Sn0.346,6.679288333333337
Ga0.141In0.370Sn0.489,6.373211111111118
Ga0.508In0.368Sn0.124,5.804116388888894
Ga0.604In0.305Sn0.091,5.263156666666674
Ga0.230In0.503Sn0.267,6.853268055555559
Ga0.573In0.351Sn0.076,5.097137500000007
Ga0.435In0.245Sn0.320,5.999893888888898
Ga0.019In0.364Sn0.617,5.930884722222231
Ga0.329In0.357Sn0.314,6.391155277777787
Ga0.068In0.383Sn0.549,6.115971388888895
Ga0.382In0.234Sn0.384,6.036000277777785
Ga0.715In0.246Sn0.039,4.968117638888902
Ga0.113In0.393Sn0.494,6.375278055555561
Ga0.377In0.211Sn0.412,5.991968055555563
Ga0.038In0.216Sn0.746,4.933403055555569
Ga0.082In0.522Sn0.396,6.575367777777778
Ga0.370In0.410Sn0.220,6.466154722222229
Ga0.224In0.386Sn0.390,6.589997777777786
Ga0.480In0.500Sn0.020,4.810686111111121
Ga0.429In0.063Sn0.508,5.3186388888888905
Ga0.154In0.332Sn0.514,6.320319722222231
Ga0.391In0.331Sn0.278,6.319737777777786
Ga0.225In0.549Sn0.226,6.6169041666666715
Ga0.524In0.177Sn0.299,5.6545675000000095
Ga0.247In0.597Sn0.156,6.474950000000006
Ga0.307In0.111Sn0.582,5.6180380555555605
Ga0.283In0.484Sn0.233,6.549935000000004
Ga0.530In0.135Sn0.335,5.4230208333333385
Ga0.715In0.180Sn0.105,5.4775894444444555
Ga0.047In0.513Sn0.440,6.833205555555554
Ga0.317In0.592Sn0.091,5.706510277777782
Ga0.492In0.146Sn0.362,5.524869166666674
Ga0.227In0.471Sn0.302,6.771374166666673
Ga0.233In0.443Sn0.324,6.726492500000006
Ga0.065In0.653Sn0.282,6.481675555555559
Ga0.205In0.404Sn0.391,6.644723611111118
Ga0.132In0.619Sn0.249,6.326217500000003
Ga0.411In0.229Sn0.360,5.922003611111118
Ga0.332In0.318Sn0.350,6.154256388888898
Ga0.475In0.518Sn0.007,4.653923611111119
Ga0.208In0.607Sn0.185,6.391422222222227
Ga0.404In0.491Sn0.105,5.850321111111116
Ga0.365In0.322Sn0.313,6.325220555555566
Ga0.613In0.228Sn0.159,5.631950277777787
Ga0.257In0.554Sn0.189,6.55018444444445
Ga0.290In0.097Sn0.613,5.496978333333338
Ga0.383In0.040Sn0.577,5.3022175
Ga0.397In0.546Sn0.057,5.369595694444452
Ga0.732In0.044Sn0.224,5.427350555555567
Ga0.386In0.228Sn0.386,5.9991547222222295
Ga0.137In0.744Sn0.119,5.523119722222225
Ga0.405In0.090Sn0.505,5.364674166666669
Ga0.275In0.466Sn0.259,6.544502500000006
Ga0.365In0.154Sn0.481,5.663372777777786
Ga0.265In0.214Sn0.521,6.039089722222232
Ga0.200In0.156Sn0.644,5.707084722222238
Ga0.199In0.055Sn0.746,5.045347499999997
Ga0.390In0.222Sn0.388,6.014888055555563
Ga0.255In0.402Sn0.343,6.602027500000006
Ga0.432In0.153Sn0.415,5.702412777777786
Ga0.495In0.143Sn0.362,5.469989166666673
Ga0.080In0.611Sn0.309,6.532192222222227
Ga0.325In0.506Sn0.169,6.367587222222227
Ga0.345In0.109Sn0.546,5.551339722222227
Ga0.358In0.407Sn0.235,6.490429722222229
Ga0.308In0.356Sn0.336,6.352358055555564
In0.388Sn0.612,6.0483869444444505
Ga0.295In0.318Sn0.387,6.166422500000009
Ga0.553In0.314Sn0.133,5.658121111111118
Ga0.349In0.482Sn0.169,6.3567777777777845
Ga0.263In0.351Sn0.386,6.422540277777787
Ga0.265In0.145Sn0.590,5.785619166666678
Ga0.801In0.124Sn0.075,5.590269722222238
Ga0.636In0.292Sn0.072,5.094475833333343
Ga0.317In0.289Sn0.394,6.172681388888897
Ga0.453In0.405Sn0.142,6.098460000000006
Ga0.305In0.298Sn0.397,6.233097500000008
Ga0.340In0.412Sn0.248,6.438513055555563
Ga0.556In0.006Sn0.438,4.863108055555559
Ga0.140In0.469Sn0.391,6.666688333333337
Ga0.310In0.618Sn0.072,5.534630833333337
Ga0.015In0.227Sn0.758,4.949581944444459
Ga0.333In0.264Sn0.403,6.138179166666674
Ga0.410In0.413Sn0.177,6.126832777777785
Ga0.283In0.330Sn0.387,6.194783055555565
Ga0.544In0.379Sn0.077,5.213625000000005
Ga0.158In0.506Sn0.336,6.859820000000001
Ga0.269In0.547Sn0.184,6.433043333333338
Ga0.010In0.467Sn0.523,6.680518055555557
Ga0.422In0.522Sn0.056,5.321498333333339
Ga0.202In0.490Sn0.308,6.840703611111113
Ga0.456In0.207Sn0.337,5.8241113888888965
Ga0.503In0.058Sn0.439,5.095931388888889
Ga0.305In0.566Sn0.129,6.153340000000006
Ga0.410In0.121Sn0.469,5.410008611111118
Ga0.816In0.143Sn0.041,5.473932916666684
Ga0.184In0.279Sn0.537,6.326899166666675
Ga0.119In0.784Sn0.097,5.085072222222227
Ga0.576In0.052Sn0.372,5.037758333333336
Ga0.355In0.280Sn0.365,6.131458611111119
Ga0.021In0.507Sn0.472,6.883152777777777
Ga0.542In0.153Sn0.305,5.56573972222223
Ga0.432In0.416Sn0.152,6.213804444444452
Ga0.265In0.203Sn0.532,6.043669444444455
Ga0.330In0.475Sn0.195,6.4462797222222274
Ga0.532In0.246Sn0.222,5.832950277777786
Ga0.412In0.173Sn0.415,5.807650000000009
Ga0.162In0.686Sn0.152,6.111828888888891
Ga0.406In0.310Sn0.284,6.257622777777787
Ga0.210In0.653Sn0.137,6.077211111111115
Ga0.300In0.394Sn0.306,6.430709166666674
Ga0.155In0.245Sn0.600,6.034026666666681
Ga0.438In0.153Sn0.409,5.649697777777785
Ga0.612In0.310Sn0.078,5.097279444444451
Ga0.541In0.312Sn0.147,5.838474444444452
Ga0.531In0.049Sn0.420,5.046161666666666
Ga0.329In0.339Sn0.332,6.211991944444454
Ga0.275In0.502Sn0.223,6.648008333333337
Ga0.371In0.224Sn0.405,6.056907500000007
Ga0.417In0.523Sn0.060,5.387755416666672
Ga0.297In0.467Sn0.236,6.443496388888895
Ga0.258In0.457Sn0.285,6.682265277777783
Ga0.531In0.123Sn0.346,5.311006388888894
Ga0.352In0.183Sn0.465,5.882400555555564
Ga0.316In0.318Sn0.366,6.1662058333333425
Ga0.237In0.275Sn0.488,6.3350641666666725
Ga0.412In0.181Sn0.407,5.887573333333341
Ga0.066In0.636Sn0.298,6.59078055555556
Ga0.582In0.047Sn0.371,5.018458055555559
Ga0.539In0.349Sn0.112,5.5654402777777845
Ga0.265In0.688Sn0.047,5.30683958333334
Ga0.873In0.103Sn0.024,5.300221250000023
Ga0.300In0.307Sn0.393,6.160778055555564
Ga0.539In0.221Sn0.240,5.841593055555565
Ga0.517In0.192Sn0.291,5.738362777777787
Ga0.396In0.083Sn0.521,5.432898611111112
Ga0.100In0.498Sn0.402,6.7262947222222245
Ga0.330In0.313Sn0.357,6.147796388888898
Ga0.118In0.299Sn0.583,5.977302777777788
Ga0.333In0.523Sn0.144,6.321953055555559
Ga0.261In0.381Sn0.358,6.45531722222223
Ga0.602In0.053Sn0.345,5.050091666666671
Ga0.354In0.328Sn0.318,6.260179444444454
Ga0.568In0.258Sn0.174,5.67148861111112
Ga0.363In0.399Sn0.238,6.492226944444452
Ga0.462In0.476Sn0.062,5.26283694444445
Ga0.353In0.451Sn0.196,6.392551111111118
Ga0.601In0.093Sn0.306,5.219684722222228
Ga0.189In0.477Sn0.334,6.77434305555556
Ga0.261In0.149Sn0.590,5.842561944444456
Ga0.470In0.016Sn0.514,5.10915277777778
Ga0.004In0.526Sn0.470,6.9062022222222215
Ga0.428In0.339Sn0.233,6.232339444444452
Ga0.444In0.233Sn0.323,5.92135611111112
Ga0.401In0.172Sn0.427,5.736092222222231
Ga0.352In0.380Sn0.268,6.460186666666675
Ga0.400In0.020Sn0.580,5.254061388888888
Ga0.335In0.237Sn0.428,6.014391388888898
Ga0.168In0.329Sn0.503,6.371817777777786
Ga0.129In0.499Sn0.372,6.724964444444448
Ga0.215In0.288Sn0.497,6.376944166666675
Ga0.527In0.406Sn0.067,5.220479722222227
Ga0.173In0.138Sn0.689,5.417407500000015
Ga0.071In0.499Sn0.430,6.7195308333333355
Ga0.382In0.538Sn0.080,5.600001666666671
Ga0.203In0.415Sn0.382,6.632243055555563
Ga0.397In0.149Sn0.454,5.6715794444444505
Ga0.413In0.149Sn0.438,5.639336111111118
Ga0.384In0.364Sn0.252,6.332435833333341
Ga0.597In0.114Sn0.289,5.330506111111119
Ga0.342In0.207Sn0.451,5.923363055555563
Ga0.396In0.586Sn0.018,4.992961527777786
Ga0.201In0.503Sn0.296,6.881100277777779
Ga0.385In0.019Sn0.596,5.299598611111112
Ga0.595In0.280Sn0.125,5.504276666666672
Ga0.181In0.472Sn0.347,6.691334722222227
Ga0.259In0.092Sn0.649,5.395253611111115
Ga0.391In0.482Sn0.127,6.088043055555561
Ga0.577In0.167Sn0.256,5.520907222222232
Ga0.309In0.120Sn0.571,5.602542500000007
Ga0.677In0.016Sn0.307,5.114285277777785
Ga0.231In0.468Sn0.301,6.76998194444445
Ga0.395In0.516Sn0.089,5.674328888888894
Ga0.144In0.467Sn0.389,6.633727222222225
Ga0.547In0.084Sn0.369,5.176510555555558
Ga0.034In0.398Sn0.568,6.166077500000004
Ga0.144In0.287Sn0.569,6.060698333333343
Ga0.341In0.646Sn0.013,4.923467916666674
Ga0.413In0.571Sn0.016,4.878825972222229
Ga0.593In0.004Sn0.403,4.9446694444444494
Ga0.357In0.629Sn0.014,4.998513194444452
Ga0.370In0.516Sn0.114,6.032278611111116
Ga0.151In0.147Sn0.702,5.320405277777794
Ga0.248In0.255Sn0.497,6.230078611111121
Ga0.332In0.615Sn0.053,5.371606111111118
Ga0.204In0.470Sn0.326,6.743248611111117
Ga0.364In0.121Sn0.515,5.558453333333339
Ga0.125In0.163Sn0.712,5.163985277777795
Ga0.201In0.470Sn0.329,6.739048611111116
Ga0.201In0.474Sn0.325,6.771412500000006
Ga0.477In0.304Sn0.219,6.0703950000000075
Ga0.356In0.282Sn0.362,6.142461388888898
Ga0.309In0.283Sn0.408,6.215642500000008
Ga0.241In0.276Sn0.483,6.336842222222229
Ga0.217In0.180Sn0.603,6.027122777777794
Ga0.459In0.282Sn0.259,6.0498833333333435
Ga0.502In0.334Sn0.164,5.85601861111112
Ga0.447In0.320Sn0.233,6.172472777777787
Ga0.142In0.762Sn0.096,5.280395833333338
Ga0.883In0.052Sn0.065,5.4625822222222435
Ga0.096In0.678Sn0.226,6.230564166666667
Ga0.097In0.579Sn0.324,6.613078333333338
Ga0.045In0.679Sn0.276,6.548307777777782
Ga0.358In0.370Sn0.272,6.422531111111119
Ga0.475In0.151Sn0.374,5.609146666666674
Ga0.779In0.203Sn0.018,5.20979958333335
Ga0.423In0.187Sn0.390,5.879206111111119
Ga0.440In0.552Sn0.008,4.720162638888896
Ga0.594In0.084Sn0.322,5.1480302777777815
Ga0.137In0.464Sn0.399,6.6583077777777815
Ga0.368In0.323Sn0.309,6.3091372222222315
Ga0.069In0.207Sn0.724,4.983777777777791
Ga0.173In0.449Sn0.378,6.653292777777782
Ga0.378In0.189Sn0.433,5.912692500000008
Ga0.388In0.331Sn0.281,6.293826666666676
Ga0.215In0.684Sn0.101,5.752547777777782
Ga0.327In0.360Sn0.313,6.406260277777788
Ga0.488In0.391Sn0.121,5.86427694444445
Ga0.149In0.358Sn0.493,6.457662222222229
Ga0.475In0.399Sn0.126,5.893772500000006
Ga0.364In0.502Sn0.134,6.250941666666673
Ga0.392In0.329Sn0.279,6.317154444444454
Ga0.066In0.446Sn0.488,6.489561111111113
Ga0.428In0.264Sn0.308,6.124073888888899
Ga0.526In0.417Sn0.057,5.082269166666673
Ga0.271In0.326Sn0.403,6.331416666666675
Ga0.102In0.350Sn0.548,6.088904166666674
Ga0.324In0.477Sn0.199,6.4431169444444505
Ga0.338In0.093Sn0.569,5.4736277777777795
Ga0.358In0.545Sn0.097,5.851191111111117
Ga0.285In0.303Sn0.412,6.238084166666673
Ga0.191In0.718Sn0.091,5.56412555555556
Ga0.241In0.559Sn0.200,6.622664722222228
Ga0.055In0.557Sn0.388,6.684543611111114
Ga0.425In0.361Sn0.214,6.315751944444451
Ga0.362In0.428Sn0.210,6.463210833333339
Ga0.545In0.260Sn0.195,5.855912222222232
Ga0.470In0.468Sn0.062,5.228131388888894
Ga0.192In0.374Sn0.434,6.5793133333333405
Ga0.209In0.057Sn0.734,5.08047083333333
Ga0.320In0.203Sn0.477,5.86991972222223
Ga0.584In0.303Sn0.113,5.412908055555562
Ga0.130In0.439Sn0.431,6.554958333333337
Ga0.191In0.615Sn0.194,6.440730277777782
Ga0.041In0.346Sn0.613,5.861231111111122
Ga0.136In0.389Sn0.475,6.43926833333334
Ga0.198In0.291Sn0.511,6.355506666666676
Ga0.112In0.678Sn0.210,6.20532138888889
Ga0.221In0.529Sn0.250,6.698791111111115
Ga0.474In0.479Sn0.047,5.036153611111119
Ga0.279In0.399Sn0.322,6.503468611111117
Ga0.352In0.140Sn0.508,5.669386388888895
Ga0.561In0.439,4.4286377777777854
Ga0.228In0.636Sn0.136,6.18159444444445
Ga0.504In0.137Sn0.359,5.439410277777784
Ga0.072In0.760Sn0.168,5.744037777777777
Ga0.952In0.010Sn0.038,5.2880202777778065
Ga0.078In0.795Sn0.127,5.23794416666667
Ga0.225In0.492Sn0.283,6.810160277777783
Ga0.708In0.134Sn0.158,5.5221741666666775
Ga0.409In0.332Sn0.259,6.205243611111121
Ga0.523In0.435Sn0.042,4.987948888888897
Ga0.244In0.424Sn0.332,6.67687694444445
Ga0.330In0.547Sn0.123,6.0527744444444505
Ga0.136In0.559Sn0.305,6.665160000000005
Ga0.347In0.593Sn0.060,5.528637638888895
Ga0.437In0.100Sn0.463,5.399427222222229
Ga0.228In0.608Sn0.164,6.443922777777784
Ga0.374In0.038Sn0.588,5.310529166666664
Ga0.322In0.070Sn0.608,5.361426666666667
Ga0.028In0.877Sn0.095,4.870897500000002
Ga0.007In0.447Sn0.546,6.515676111111112
Ga0.382In0.342Sn0.276,6.34128972222223
Ga0.498In0.223Sn0.279,5.859629166666676
Ga0.215In0.370Sn0.415,6.592469444444452
Ga0.475In0.008Sn0.517,5.068438055555558
Ga0.489In0.260Sn0.251,5.926073888888898
Ga0.133In0.397Sn0.470,6.381212777777784
Ga0.127In0.370Sn0.503,6.295811111111116
Ga0.045In0.194Sn0.761,4.806860555555568
Ga0.241In0.347Sn0.412,6.558570277777787
Ga0.380In0.179Sn0.441,5.840068888888898
Ga0.576In0.388Sn0.036,4.752964305555563
Ga0.470In0.185Sn0.345,5.7248938888888965
Ga0.112In0.189Sn0.699,5.238736666666685
Ga0.008In0.418Sn0.574,6.316085000000002
Ga0.076In0.522Sn0.402,6.66037888888889
Ga0.124In0.407Sn0.469,6.478798333333337
Ga0.333In0.279Sn0.388,6.113625833333342
Ga0.409In0.269Sn0.322,6.080152777777787
Ga0.294In0.328Sn0.378,6.1674636111111205
Ga0.419In0.112Sn0.469,5.442783055555563
Ga0.280In0.378Sn0.342,6.333683611111117
Ga0.294In0.353Sn0.353,6.223602777777787
Ga0.268In0.678Sn0.054,5.3869027777777845
Ga0.485In0.335Sn0.180,5.894831666666675
Ga0.484In0.004Sn0.512,5.028806111111113
Ga0.657In0.152Sn0.191,5.545186111111121
Ga0.165In0.578Sn0.257,6.561371944444448
Ga0.467In0.113Sn0.420,5.400448611111117
Ga0.331In0.480Sn0.189,6.377058333333339
Ga0.175In0.055Sn0.770,4.9343622222222185
Ga0.478In0.287Sn0.235,6.092979722222231
Ga0.186In0.565Sn0.249,6.604007777777782
Ga0.186In0.444Sn0.370,6.641439722222228
Ga0.161In0.452Sn0.387,6.6361700000000035
Ga0.317In0.175Sn0.508,5.773243055555565
Ga0.494In0.183Sn0.323,5.712622222222232
Ga0.335In0.307Sn0.358,6.149830277777786
Ga0.379In0.425Sn0.196,6.391984444444451
Ga0.457In0.174Sn0.369,5.6915683333333424
Ga0.354In0.355Sn0.291,6.420211388888897
Ga0.366In0.231Sn0.403,6.068254166666674
Ga0.531In0.436Sn0.033,4.793298611111118
Ga0.444In0.072Sn0.484,5.291877500000001
Ga0.059In0.612Sn0.329,6.674900277777782
Ga0.136In0.442Sn0.422,6.610174444444449
Ga0.123In0.519Sn0.358,6.6769861111111135
Ga0.620In0.302Sn0.078,5.042837777777786
Ga0.010In0.259Sn0.731,5.159923888888903
Ga0.390In0.317Sn0.293,6.33454611111112
Ga0.387In0.405Sn0.208,6.405111388888896
Ga0.421In0.300Sn0.279,6.262563888888898
Ga0.375In0.228Sn0.397,6.013946388888896
Ga0.494In0.111Sn0.395,5.357111666666673
Ga0.417In0.064Sn0.519,5.348823333333333
Ga0.360In0.267Sn0.373,6.120166388888898
Ga0.204In0.658Sn0.138,6.121056944444448
Ga0.311In0.110Sn0.579,5.595155277777784
Ga0.453In0.227Sn0.320,5.89646722222223
Ga0.386In0.520Sn0.094,5.75920805555556
Ga0.444In0.269Sn0.287,6.100048888888898
Ga0.376In0.162Sn0.462,5.7254844444444535
Ga0.363In0.221Sn0.416,6.042485833333341
Ga0.729In0.223Sn0.048,5.151081250000014
Ga0.502In0.211Sn0.287,5.823913611111119
Ga0.380In0.242Sn0.378,6.047345833333341
Ga0.628In0.007Sn0.365,4.927145000000007
Ga0.434In0.129Sn0.437,5.476508611111116
Ga0.233In0.343Sn0.424,6.532425833333343
Ga0.242In0.022Sn0.736,5.191313611111112
Ga0.341In0.366Sn0.293,6.435269166666674
Ga0.060In0.472Sn0.468,6.686498333333335
Ga0.017In0.517Sn0.466,6.861166666666667
Ga0.471In0.394Sn0.135,5.96833583333334
Ga0.405In0.119Sn0.476,5.430973611111118
Ga0.132In0.650Sn0.218,6.207203888888891
Ga0.344In0.349Sn0.307,6.365621666666676
Ga0.184In0.449Sn0.367,6.635006388888894
Ga0.085In0.738Sn0.177,5.875757222222221
Ga0.337In0.329Sn0.334,6.194828611111118
Ga0.414In0.407Sn0.179,6.183228888888896
Ga0.497In0.052Sn0.451,5.052010000000002
Ga0.367In0.329Sn0.304,6.3091372222222315
Ga0.031In0.479Sn0.490,6.789344166666666
Ga0.016In0.294Sn0.690,5.425378611111127
Ga0.206In0.540Sn0.254,6.650330000000005
Ga0.119In0.466Sn0.415,6.678052222222225
Ga0.615In0.023Sn0.362,5.0310694444444515
Ga0.196In0.401Sn0.403,6.717637500000006
Ga0.188In0.318Sn0.494,6.427270277777787
Ga0.140In0.342Sn0.518,6.245142777777787
Ga0.370In0.470Sn0.160,6.298183888888896
Ga0.130In0.259Sn0.611,5.7864083333333465
Ga0.352In0.113Sn0.535,5.561243055555562
Ga0.017In0.439Sn0.544,6.450640833333335
Ga0.176In0.417Sn0.407,6.719905000000004
Ga0.483In0.171Sn0.346,5.6169327777777855
Ga0.505In0.445Sn0.050,5.061713055555563
Ga0.400In0.310Sn0.290,6.222714444444453
Ga0.444In0.180Sn0.376,5.815758888888898
Ga0.256In0.440Sn0.304,6.762293611111117
Ga0.133In0.802Sn0.065,4.802741388888894
Ga0.355In0.297Sn0.348,6.175911944444452
Ga0.194In0.354Sn0.452,6.541879722222231
Ga0.391In0.232Sn0.377,6.053429166666674
Ga0.550In0.257Sn0.193,5.853965555555565
Ga0.297In0.290Sn0.413,6.1758369444444545
Ga0.042In0.534Sn0.424,6.7581152777777795
Ga0.299In0.408Sn0.293,6.503250277777784
Ga0.384In0.535Sn0.081,5.584119722222226
Ga0.284In0.381Sn0.335,6.354095277777784
Ga0.107In0.522Sn0.371,6.617215555555558
Ga0.320In0.373Sn0.307,6.402993611111119
Ga0.327In0.281Sn0.392,6.114564166666674
Ga0.040In0.484Sn0.476,6.780683333333334
Ga0.208In0.420Sn0.372,6.6540286111111175
Ga0.483In0.485Sn0.032,4.853700000000009
Ga0.432In0.170Sn0.398,5.831419444444453
Ga0.555In0.174Sn0.271,5.567218055555566
Ga0.590In0.024Sn0.386,4.9822455555555605
Ga0.386In0.335Sn0.279,6.2961711111111205
Ga0.339In0.213Sn0.448,5.923363055555563
Ga0.158In0.498Sn0.344,6.829865000000002
Ga0.132In0.552Sn0.316,6.6273933333333375
Ga0.364In0.283Sn0.353,6.113201388888897
Ga0.333In0.105Sn0.562,5.520800833333338
Ga0.361In0.187Sn0.452,5.893411111111119
Ga0.318In0.607Sn0.075,5.524482777777783
Ga0.555In0.445,4.45514111111112
Ga0.014In0.908Sn0.078,4.597240000000004
Ga0.337In0.337Sn0.326,6.233162777777787
Ga0.285In0.353Sn0.362,6.269326666666675
Ga0.123In0.603Sn0.274,6.474157222222225
Ga0.075In0.513Sn0.412,6.686596944444445
Ga0.271In0.202Sn0.527,6.0700125000000105
Ga0.527In0.252Sn0.221,5.8263975000000086
Ga0.426In0.451Sn0.123,5.9292752777777835
Ga0.224In0.317Sn0.459,6.409030555555564
Ga0.567In0.425Sn0.008,4.467028611111119
Ga0.388In0.598Sn0.014,4.990714444444451
Ga0.605In0.312Sn0.083,5.122316111111119
Ga0.395In0.306Sn0.299,6.312015555555564
Ga0.009In0.426Sn0.565,6.328507777777779
Ga0.174In0.628Sn0.198,6.392662777777781
Ga0.287In0.574Sn0.139,6.291567500000004
Ga0.357In0.369Sn0.274,6.444399166666675
Ga0.407In0.124Sn0.469,5.454977500000006
Ga0.237In0.742Sn0.021,5.026142500000006
Ga0.234In0.069Sn0.697,5.244229999999999
Ga0.023In0.008Sn0.969,3.71499861111111
Ga0.137In0.315Sn0.548,6.155319444444454
Ga0.165In0.439Sn0.396,6.677462222222227
Ga0.682In0.163Sn0.155,5.5832166666666785
Ga0.301In0.227Sn0.472,5.859961944444452
Ga0.239In0.264Sn0.497,6.312311388888896
Ga0.110In0.443Sn0.447,6.500480277777781
Ga0.116In0.402Sn0.482,6.414507222222226
Ga0.498In0.475Sn0.027,4.791096111111119
Ga0.091In0.300Sn0.609,5.785934444444456
Ga0.021In0.777Sn0.202,5.959239166666667
Ga0.458In0.311Sn0.231,6.125314444444453
Ga0.476In0.139Sn0.385,5.519225000000006
Ga0.513In0.484Sn0.003,4.596780833333342
Ga0.356In0.002Sn0.642,5.162946944444448
Ga0.240In0.518Sn0.242,6.726480000000004
Ga0.445In0.050Sn0.505,5.150537222222222
Ga0.055In0.551Sn0.394,6.725118611111114
Ga0.614In0.382Sn0.004,4.523554305555565
Ga0.412In0.119Sn0.469,5.432364166666673
Ga0.105In0.522Sn0.373,6.618132222222225
Ga0.813In0.142Sn0.045,5.463326527777794
Ga0.248In0.413Sn0.339,6.624271388888895
Ga0.400In0.393Sn0.207,6.362096944444451
Ga0.013In0.293Sn0.694,5.413992777777794
Ga0.265In0.397Sn0.338,6.4623358333333405
Ga0.216In0.217Sn0.567,6.165174722222232
Ga0.528In0.349Sn0.123,5.678524722222228
Ga0.269In0.701Sn0.030,5.1659397222222285
Ga0.328In0.380Sn0.292,6.424684166666675
Ga0.370In0.338Sn0.292,6.314970555555566
Ga0.109In0.021Sn0.870,4.157976111111108
Ga0.508In0.475Sn0.017,4.730310000000007
Ga0.487In0.279Sn0.234,6.046219166666675
Ga0.472In0.375Sn0.153,6.049692500000006
Ga0.059In0.707Sn0.234,6.320308611111113
Ga0.389In0.481Sn0.130,6.1028763888888955
Ga0.596In0.180Sn0.224,5.686244444444455
Ga0.253In0.431Sn0.316,6.713593611111117
Ga0.363In0.111Sn0.526,5.590860000000005
Ga0.290In0.099Sn0.611,5.506561666666673
Ga0.957In0.016Sn0.027,5.253924444444475
Ga0.371In0.388Sn0.241,6.476530277777786
Ga0.040In0.600Sn0.360,6.6188186111111165
Ga0.082In0.593Sn0.325,6.531058888888893
Ga0.358In0.452Sn0.190,6.32081333333334
Ga0.241In0.479Sn0.280,6.735246388888894
Ga0.266In0.406Sn0.328,6.558249166666674
Ga0.411In0.423Sn0.166,6.1697316666666735
Ga0.573In0.009Sn0.418,4.912608611111114
Ga0.154In0.546Sn0.300,6.741828333333338
Ga0.416In0.455Sn0.129,5.990985277777784
Ga0.036In0.557Sn0.407,6.71586527777778
Ga0.356In0.298Sn0.346,6.1925502777777846
Ga0.070In0.375Sn0.555,6.089106388888895
Ga0.304In0.247Sn0.449,6.041198055555565
Ga0.384In0.283Sn0.333,6.186020277777787
Ga0.322In0.314Sn0.364,6.164955833333343
Ga0.477In0.402Sn0.121,5.839529166666672
Ga0.350In0.543Sn0.107,5.988726388888895
Ga0.543In0.208Sn0.249,5.763049722222233
Ga0.117In0.572Sn0.311,6.6551516666666695
Ga0.445In0.396Sn0.159,6.116664722222229
Ga0.094In0.241Sn0.665,5.3718250000000145
Ga0.227In0.432Sn0.341,6.693488611111116
Ga0.445In0.525Sn0.030,4.94268097222223
Ga0.315In0.416Sn0.269,6.423761111111118
Ga0.090In0.410Sn0.500,6.382601111111115
Ga0.201In0.402Sn0.397,6.641773611111117
Ga0.073In0.150Sn0.777,4.601279166666677
Ga0.459In0.098Sn0.443,5.382656666666673
Ga0.217In0.476Sn0.307,6.782934722222228
Ga0.382In0.178Sn0.440,5.840813333333343
Ga0.284In0.561Sn0.155,6.409998055555561
Ga0.262In0.376Sn0.362,6.4402605555555645
Ga0.152In0.637Sn0.211,6.387855000000003
Ga0.411In0.401Sn0.188,6.249045000000007
Ga0.336In0.443Sn0.221,6.458680277777784
Ga0.511In0.379Sn0.110,5.6673225000000045
Ga0.130In0.706Sn0.164,5.971890833333337
Ga0.274In0.457Sn0.269,6.5457811111111175
Ga0.432In0.155Sn0.413,5.704860000000009
Ga0.471In0.306Sn0.223,6.0703950000000075
Ga0.412In0.099Sn0.489,5.40262305555556
Ga0.072In0.351Sn0.577,6.001580833333342
Ga0.295In0.483Sn0.222,6.491401388888893
Ga0.296In0.414Sn0.290,6.441919722222228
Ga0.360In0.419Sn0.221,6.475821388888895
Ga0.651In0.199Sn0.150,5.627664722222233
Ga0.420In0.540Sn0.040,5.186420972222229
Ga0.292In0.546Sn0.162,6.329621388888896
Ga0.485In0.174Sn0.341,5.6193550000000085
Ga0.237In0.655Sn0.108,5.936208611111115
Ga0.528In0.010Sn0.462,4.952863333333338
Ga0.357In0.220Sn0.423,5.973424166666674
Ga0.379In0.255Sn0.366,6.021864166666676
Ga0.588In0.105Sn0.307,5.287551111111118
Ga0.209In0.398Sn0.393,6.603323611111118
Ga0.507In0.043Sn0.450,5.046992500000003
Ga0.298In0.106Sn0.596,5.558756944444453
Ga0.222In0.391Sn0.387,6.587335277777785
Ga0.380In0.458Sn0.162,6.256597777777785
Ga0.589In0.264Sn0.147,5.648300833333342
Ga0.040In0.417Sn0.543,6.361696111111115
Ga0.715In0.003Sn0.282,5.148409166666675
Ga0.264In0.338Sn0.398,6.341771666666675
Ga0.483In0.245Sn0.272,5.919408888888897
Ga0.313In0.173Sn0.514,5.792924166666677
Ga0.361In0.390Sn0.249,6.458501944444453
Ga0.355In0.240Sn0.405,6.110113055555563
Ga0.500In0.129Sn0.371,5.418532777777783
Ga0.365In0.392Sn0.243,6.479513055555564
Ga0.294In0.307Sn0.399,6.221780833333342
Ga0.442In0.345Sn0.213,6.177151666666674
Ga0.503In0.432Sn0.065,5.264212777777782
Ga0.317In0.413Sn0.270,6.426744444444452
Ga0.418In0.441Sn0.141,6.192993333333338
Ga0.010In0.828Sn0.162,5.511294166666669
Ga0.484In0.073Sn0.443,5.241297222222223
Ga0.383In0.304Sn0.313,6.300465555555565
Ga0.295In0.121Sn0.584,5.590147500000007
Ga0.257In0.462Sn0.281,6.6804075000000065
Ga0.744In0.223Sn0.033,5.064479027777794
Ga0.272In0.076Sn0.652,5.294201666666668
Ga0.506In0.326Sn0.168,5.845857500000008
Ga0.225In0.304Sn0.471,6.403756111111119
Ga0.161In0.558Sn0.281,6.6342344444444485
Ga0.907In0.076Sn0.017,5.260411111111136
Ga0.331In0.269Sn0.400,6.154175833333341
Ga0.416In0.199Sn0.385,5.923826944444453
Ga0.039In0.452Sn0.509,6.523623888888889
Ga0.597In0.036Sn0.367,5.003205000000006
Ga0.632In0.082Sn0.286,5.245892777777786
Ga0.419In0.187Sn0.394,5.883506111111119
Ga0.272In0.207Sn0.521,6.035356388888899
Ga0.213In0.571Sn0.216,6.564267500000005
Ga0.485In0.392Sn0.123,5.839129444444451
Ga0.490In0.295Sn0.215,6.068366944444453
Ga0.493In0.326Sn0.181,5.904560277777785
Ga0.215In0.724Sn0.061,5.404475972222228
Ga0.396In0.432Sn0.172,6.187149444444451
Ga0.383In0.119Sn0.498,5.509958333333339
Ga0.604In0.270Sn0.126,5.507612222222228
Ga0.444In0.042Sn0.514,5.160865833333335
Ga0.467In0.206Sn0.327,5.855137222222231
Ga0.450In0.321Sn0.229,6.154175555555565
Ga0.060In0.925Sn0.015,4.028173472222223
Ga0.357In0.432Sn0.211,6.495702500000006
Ga0.223In0.322Sn0.455,6.404669444444453
Ga0.500In0.478Sn0.022,4.741002500000008
Ga0.424In0.508Sn0.068,5.540595277777783
Ga0.291In0.260Sn0.449,6.02663472222223
Ga0.041In0.476Sn0.483,6.71995388888889
Ga0.434In0.242Sn0.324,6.0096894444444535
Ga0.620In0.028Sn0.352,4.943832777777785
Ga0.452In0.517Sn0.031,4.9381337500000075
Ga0.427In0.372Sn0.201,6.325693611111119
Ga0.162In0.441Sn0.397,6.6674038888888925
Ga0.580In0.054Sn0.366,5.020329166666671
Ga0.594In0.041Sn0.365,5.02480944444445
Ga0.882In0.029Sn0.089,5.541633277777799
Ga0.185In0.286Sn0.529,6.380496111111119
Ga0.410In0.575Sn0.015,4.838304027777784
Ga0.361In0.369Sn0.270,6.42239222222223
Ga0.394In0.276Sn0.330,6.179335833333341
Ga0.614In0.184Sn0.202,5.695834166666677
Ga0.384In0.475Sn0.141,6.249165000000004
Ga0.228In0.355Sn0.417,6.630830000000009
Ga0.089In0.578Sn0.333,6.596120000000004
Ga0.100In0.456Sn0.444,6.503771388888891
Ga0.158In0.428Sn0.414,6.711678888888893
Ga0.284In0.092Sn0.624,5.388000555555559
Ga0.540In0.189Sn0.271,5.74744000000001
Ga0.486In0.096Sn0.418,5.319113888888893
Ga0.213In0.310Sn0.477,6.388480555555564
Ga0.652In0.144Sn0.204,5.553072222222232
Ga0.472In0.156Sn0.372,5.622254444444453
Ga0.176In0.413Sn0.411,6.701271666666671
Ga0.151In0.565Sn0.284,6.616427777777781
Ga0.229In0.490Sn0.281,6.831382500000003
Ga0.328In0.033Sn0.639,5.178157222222224
Ga0.567In0.383Sn0.050,4.880368194444452
Ga0.675In0.120Sn0.205,5.518997500000009
Ga0.673In0.284Sn0.043,4.868384861111124
Ga0.020In0.608Sn0.372,6.650055555555562
Ga0.353In0.294Sn0.353,6.167985277777786
Ga0.406In0.010Sn0.584,5.257498055555555
Ga0.422In0.424Sn0.154,6.213696111111117
Ga0.413In0.123Sn0.464,5.478388055555562
Ga0.445In0.473Sn0.082,5.453493333333339
Ga0.296In0.151Sn0.553,5.759683888888899
Ga0.172In0.545Sn0.283,6.660340555555559
Ga0.324In0.533Sn0.143,6.257852500000005
Ga0.344In0.022Sn0.634,5.245773611111113
Ga0.350In0.359Sn0.291,6.4328891666666745
Ga0.570In0.172Sn0.258,5.519858333333343
Ga0.077In0.405Sn0.518,6.256553055555559
Ga0.570In0.048Sn0.382,5.021403611111112
Ga0.079In0.597Sn0.324,6.526920000000004
Ga0.387In0.126Sn0.487,5.520768333333338
Ga0.372In0.615Sn0.013,5.026759027777785
Ga0.677In0.193Sn0.130,5.574973888888898
Ga0.139In0.625Sn0.236,6.362586944444447
Ga0.416In0.261Sn0.323,6.038771111111121
Ga0.458In0.309Sn0.233,6.132964444444453
Ga0.431In0.377Sn0.192,6.297441944444451
Ga0.224In0.447Sn0.329,6.704398611111117
Ga0.005In0.281Sn0.714,5.316582777777792
Ga0.440In0.170Sn0.390,5.721493333333342
Ga0.560In0.090Sn0.350,5.134232222222225
Ga0.195In0.409Sn0.396,6.659148611111117
Ga0.394In0.293Sn0.313,6.320776666666676
Ga0.191In0.331Sn0.478,6.434952222222231
Ga0.382In0.290Sn0.328,6.2096461111111205
Ga0.727In0.067Sn0.206,5.558835833333343
Ga0.360In0.120Sn0.520,5.578084444444449
Ga0.570In0.217Sn0.213,5.735536388888898
Ga0.382In0.415Sn0.203,6.41255722222223
Ga0.070In0.345Sn0.585,5.955011388888897
Ga0.401In0.579Sn0.020,4.936775138888897
Ga0.017In0.810Sn0.173,5.634748055555558
Ga0.059In0.935Sn0.006,3.83231013888889
Ga0.338In0.321Sn0.341,6.1764536111111195
Ga0.249In0.618Sn0.133,6.24917833333334
Ga0.367In0.522Sn0.111,6.001439166666672
Ga0.407In0.106Sn0.487,5.403717222222228
Ga0.574In0.006Sn0.420,4.87200166666667
Ga0.367In0.310Sn0.323,6.2520177777777866
Ga0.259In0.256Sn0.485,6.199444722222232
Ga0.061In0.377Sn0.562,6.130188055555561
Ga0.372In0.451Sn0.177,6.227575555555561
Ga0.222In0.679Sn0.099,5.781462222222226
Ga0.154In0.415Sn0.431,6.640315555555561
Ga0.424In0.313Sn0.263,6.231251388888899
Ga0.019In0.574Sn0.407,6.73283055555556
Ga0.264In0.192Sn0.544,6.044956111111122
Ga0.185In0.168Sn0.647,5.742115277777794
Ga0.543In0.195Sn0.262,5.732353888888899
Ga0.947In0.040Sn0.013,5.205084722222253
Ga0.304In0.314Sn0.382,6.235589166666676
Ga0.371In0.398Sn0.231,6.473771944444451
Ga0.015In0.509Sn0.476,6.8902361111111095
Ga0.206In0.176Sn0.618,5.84117444444446
Ga0.437In0.244Sn0.319,5.955027222222231
Ga0.505In0.391Sn0.104,5.618108611111116
Ga0.512In0.417Sn0.071,5.2583822222222265
Ga0.433In0.405Sn0.162,6.206040555555562
Ga0.254In0.249Sn0.497,6.218159722222231
Ga0.270In0.052Sn0.678,5.101844444444444
Ga0.298In0.355Sn0.347,6.234083055555565
Ga0.476In0.505Sn0.019,4.811249444444454
Ga0.450In0.079Sn0.471,5.2659463888888896
Ga0.375In0.242Sn0.383,6.0379547222222305
Ga0.012In0.144Sn0.844,4.35435250000001
Ga0.406In0.030Sn0.564,5.231626944444446
Ga0.499In0.449Sn0.052,4.9960305555555635
Ga0.241In0.717Sn0.042,5.268328750000007
Ga0.108In0.221Sn0.671,5.285819444444459
Ga0.474In0.214Sn0.312,5.878678888888898
Ga0.331In0.308Sn0.361,6.178610833333342
Ga0.182In0.464Sn0.354,6.67577194444445
Ga0.307In0.328Sn0.365,6.195499722222231
Ga0.174In0.755Sn0.071,5.333849861111113
Ga0.248In0.529Sn0.223,6.722128611111115
Ga0.420In0.060Sn0.520,5.3082577777777775
Ga0.313In0.349Sn0.338,6.253518333333343
Ga0.522In0.261Sn0.217,5.871011388888898
Ga0.505In0.428Sn0.067,5.278159444444449
Ga0.383In0.459Sn0.158,6.236686666666673
Ga0.460In0.101Sn0.439,5.337517777777784
Ga0.219In0.247Sn0.534,6.234485833333342
Ga0.427In0.274Sn0.299,6.1674966666666755
Ga0.465In0.130Sn0.405,5.519514722222226
Ga0.225In0.406Sn0.369,6.628490833333341
Ga0.713In0.018Sn0.269,5.216733055555565
Ga0.316In0.577Sn0.107,5.895704722222227
Ga0.053In0.279Sn0.668,5.423996666666682
Ga0.275In0.272Sn0.453,6.1796719444444514
Ga0.455In0.521Sn0.024,4.879725416666676
Ga0.414In0.258Sn0.328,6.0231294444444545
Ga0.393In0.195Sn0.412,6.000243055555563
Ga0.781In0.051Sn0.168,5.661525555555567
Ga0.166In0.671Sn0.163,6.168662222222227
Ga0.331In0.435Sn0.234,6.4624719444444505
Ga0.297In0.388Sn0.315,6.412209166666676
Ga0.434In0.332Sn0.234,6.232339444444452
Ga0.095In0.358Sn0.547,6.14813083333334
Ga0.377In0.284Sn0.339,6.137492500000008
Ga0.282In0.295Sn0.423,6.225819166666675
Ga0.398In0.302Sn0.300,6.284086666666676
Ga0.388In0.353Sn0.259,6.345431388888898
Ga0.399In0.347Sn0.254,6.2739761111111205
Ga0.346In0.125Sn0.529,5.638863888888893
Ga0.446In0.039Sn0.515,5.1620797222222246
Ga0.120In0.250Sn0.630,5.696827222222236
Ga0.316In0.335Sn0.349,6.143025277777786
Ga0.311In0.336Sn0.353,6.160936944444455
Ga0.064In0.409Sn0.527,6.340470277777781
Ga0.256In0.523Sn0.221,6.728848611111116
Ga0.284In0.149Sn0.567,5.780958333333342
Ga0.350In0.339Sn0.311,6.318801666666677
Ga0.389In0.251Sn0.360,5.980932500000009
Ga0.603In0.120Sn0.277,5.383887777777786
Ga0.088In0.262Sn0.650,5.51161916666668
Ga0.336In0.350Sn0.314,6.329777222222233
Ga0.295In0.270Sn0.435,6.0843702777777855
Ga0.503In0.277Sn0.220,5.934878333333342
Ga0.276In0.414Sn0.310,6.553313055555562
Ga0.429In0.101Sn0.470,5.409823333333339
Ga0.423In0.528Sn0.049,5.211955972222229
Ga0.297In0.210Sn0.493,5.86236611111112
Ga0.467In0.029Sn0.504,5.086465277777782
Ga0.145In0.527Sn0.328,6.801091666666668
Ga0.517In0.200Sn0.283,5.801136666666677
Ga0.370In0.416Sn0.214,6.430438611111119
Ga0.082In0.365Sn0.553,6.02058694444445
Ga0.065In0.469Sn0.466,6.585737500000002
Ga0.324In0.139Sn0.537,5.673553888888897
Ga0.050In0.472Sn0.478,6.67668
Ga0.314In0.400Sn0.286,6.513448055555563
Ga0.287In0.555Sn0.158,6.356520833333338
Ga0.207In0.444Sn0.349,6.63800694444445
Ga0.084In0.567Sn0.349,6.565192222222226
Ga0.454In0.522Sn0.024,4.868783750000009
Ga0.046In0.078Sn0.876,3.9212830555555556
Ga0.634In0.320Sn0.046,4.856917916666677
Ga0.531In0.051Sn0.418,5.056533888888889
Ga0.378In0.393Sn0.229,6.430797500000007
Ga0.320In0.173Sn0.507,5.7639263888888985
Ga0.208In0.744Sn0.048,5.132881666666671
Ga0.459In0.308Sn0.233,6.13663111111112
Ga0.006In0.458Sn0.536,6.625922500000001
Ga0.561In0.286Sn0.153,5.78335361111112
Ga0.246In0.319Sn0.435,6.421473333333342
Ga0.438In0.378Sn0.184,6.176334166666674
Ga0.304In0.456Sn0.240,6.439784166666673
Ga0.487In0.077Sn0.436,5.209061111111113
Ga0.229In0.454Sn0.317,6.738118055555561
Ga0.515In0.040Sn0.445,5.041708333333336
Ga0.314In0.382Sn0.304,6.45286472222223
Ga0.482In0.099Sn0.419,5.356022222222227
Ga0.158In0.382Sn0.460,6.552472500000006
Ga0.567In0.232Sn0.201,5.741411388888899
Ga0.368In0.376Sn0.256,6.405026944444452
Ga0.332In0.175Sn0.493,5.765810833333342
Ga0.476In0.377Sn0.147,6.0214286111111175
Ga0.313In0.450Sn0.237,6.405159722222228
Ga0.281In0.258Sn0.461,6.055898055555563
Ga0.231In0.277Sn0.492,6.345263055555561
Ga0.415In0.207Sn0.378,5.938851388888897
Ga0.697In0.091Sn0.212,5.477026944444454
Ga0.449In0.394Sn0.157,6.113381388888896
Ga0.496In0.089Sn0.415,5.269455833333335
Ga0.532In0.217Sn0.251,5.78993861111112
Ga0.117In0.410Sn0.473,6.465951666666671
Ga0.566In0.080Sn0.354,5.131288888888893
Ga0.290In0.480Sn0.230,6.5231791666666705
Ga0.033In0.410Sn0.557,6.278187500000003
Ga0.373In0.376Sn0.251,6.412069166666674
Ga0.564In0.304Sn0.132,5.623895833333339
Ga0.289In0.116Sn0.595,5.625066944444453
Ga0.447In0.146Sn0.407,5.628105555555561
Ga0.610In0.173Sn0.217,5.610380555555565
Ga0.513In0.210Sn0.277,5.830196388888898
Ga0.445In0.277Sn0.278,6.109060555555565
Ga0.090In0.382Sn0.528,6.247132222222227
Ga0.043In0.203Sn0.754,4.879996944444457
Ga0.479In0.507Sn0.014,4.764103888888896
Ga0.499In0.476Sn0.025,4.789344166666675
Ga0.718In0.022Sn0.260,5.272430833333345
Ga0.563In0.126Sn0.311,5.3538083333333395
Ga0.016In0.487Sn0.497,6.877696666666666
Ga0.224In0.381Sn0.395,6.560485555555563
Ga0.432In0.118Sn0.450,5.474813055555562
Ga0.563In0.138Sn0.299,5.43746972222223
Ga0.575In0.302Sn0.123,5.512458055555562
Ga0.045In0.087Sn0.868,3.970968333333332
Ga0.505In0.198Sn0.297,5.802705833333343
Ga0.300In0.446Sn0.254,6.431759166666673
Ga0.127In0.431Sn0.442,6.53615277777778
Ga0.529In0.110Sn0.361,5.293573055555563
Ga0.165In0.344Sn0.491,6.475842500000008
Ga0.165In0.462Sn0.373,6.681103333333337
Ga0.229In0.303Sn0.468,6.429511666666674
Ga0.407In0.496Sn0.097,5.754125277777783
Ga0.073In0.910Sn0.017,4.144277916666668
Ga0.338In0.080Sn0.582,5.451596388888888
Ga0.521In0.325Sn0.154,5.888918888888897
Ga0.077In0.139Sn0.784,4.5019236111111205
Ga0.323In0.337Sn0.340,6.150964166666675
Ga0.433In0.285Sn0.282,6.2036444444444525
Ga0.136In0.091Sn0.773,4.765068055555556
Ga0.093In0.520Sn0.387,6.645390000000002
Ga0.283In0.436Sn0.281,6.494208611111116
Ga0.770In0.072Sn0.158,5.7786241666666776
Ga0.169In0.492Sn0.339,6.784851111111115
Ga0.157In0.219Sn0.624,5.935765555555569
In0.729Sn0.271,6.438577500000002
Ga0.304In0.345Sn0.351,6.238168333333343
Ga0.372In0.121Sn0.507,5.545063333333339
Ga0.298In0.376Sn0.326,6.325136944444453
Ga0.303In0.487Sn0.210,6.573568611111116
Ga0.363In0.306Sn0.331,6.239696944444453
Ga0.255In0.691Sn0.054,5.4466488888888955
Ga0.306In0.474Sn0.220,6.48496305555556
Ga0.481In0.354Sn0.165,6.004037777777786
Ga0.214In0.412Sn0.374,6.650642500000007
Ga0.089In0.408Sn0.503,6.377859444444448
Ga0.344In0.308Sn0.348,6.179923055555563
Ga0.450In0.319Sn0.231,6.164822777777787
Ga0.352In0.008Sn0.640,5.162867500000002
Ga0.411In0.367Sn0.222,6.2927286111111185
Ga0.168In0.610Sn0.222,6.423465555555558
Ga0.248In0.258Sn0.494,6.222806388888897
Ga0.081In0.178Sn0.741,4.767629444444457
Ga0.664In0.051Sn0.285,5.151503888888896
Ga0.497In0.211Sn0.292,5.82978361111112
Ga0.530In0.414Sn0.056,5.048278472222229
Ga0.402In0.235Sn0.363,5.991355833333342
Ga0.340In0.287Sn0.373,6.161011944444453
Ga0.254In0.258Sn0.488,6.201879166666677
Ga0.300In0.052Sn0.648,5.154537777777777
Ga0.272In0.624Sn0.104,5.839395277777781
Ga0.731In0.079Sn0.190,5.577267222222231
Ga0.609In0.128Sn0.263,5.359332777777787
Ga0.123In0.037Sn0.840,4.417845555555555
Ga0.777In0.141Sn0.082,5.554668888888902
Ga0.449In0.128Sn0.423,5.434613611111115
Ga0.230In0.436Sn0.334,6.714616388888893
Ga0.154In0.232Sn0.614,5.933094444444458
Ga0.300In0.389Sn0.311,6.43251472222223
Ga0.590In0.116Sn0.294,5.343676666666675
Ga0.360In0.445Sn0.195,6.451388055555562
Ga0.421In0.205Sn0.374,5.937718055555564
Ga0.662In0.122Sn0.216,5.50431750000001
Ga0.519In0.152Sn0.329,5.504669722222231
Ga0.658In0.276Sn0.066,5.096534444444454
Ga0.616In0.336Sn0.048,4.836014861111121
Ga0.469In0.376Sn0.155,6.049692500000006
Ga0.131In0.386Sn0.483,6.379453055555562
Ga0.447In0.046Sn0.507,5.136728333333334
Ga0.590In0.334Sn0.076,5.060385000000006
Ga0.312In0.515Sn0.173,6.391090000000005
Ga0.242In0.618Sn0.140,6.324838888888894
Ga0.163In0.347Sn0.490,6.4749758333333425
Ga0.109In0.536Sn0.355,6.596777222222227
Ga0.437In0.124Sn0.439,5.42297194444445
Ga0.448In0.549Sn0.003,4.675065416666674
Ga0.558In0.378Sn0.064,5.132723333333339
Ga0.118In0.387Sn0.495,6.399224166666672
Ga0.868In0.073Sn0.059,5.468730833333353
Ga0.273In0.364Sn0.363,6.3403880555555645
Ga0.498In0.460Sn0.042,4.948135277777786
Ga0.737In0.095Sn0.168,5.612598888888899
Ga0.286In0.384Sn0.330,6.4130708333333395
Ga0.344In0.205Sn0.451,5.942696388888896
Ga0.501In0.341Sn0.158,5.839323611111118
Ga0.057In0.326Sn0.617,5.8045588888889
Ga0.077In0.629Sn0.294,6.546872222222226
Ga0.136In0.713Sn0.151,5.9322908333333375
Ga0.420In0.114Sn0.466,5.47511083333334
Ga0.144In0.402Sn0.454,6.483782222222226
Ga0.406In0.047Sn0.547,5.180980277777777
Ga0.293In0.342Sn0.365,6.162890555555565
Ga0.007In0.706Sn0.287,6.600312222222227
Ga0.405In0.148Sn0.447,5.659207777777785
Ga0.306In0.326Sn0.368,6.195499722222231
Ga0.252In0.736Sn0.012,5.0103456944444495
Ga0.232In0.385Sn0.383,6.594836111111119
Ga0.247In0.253Sn0.500,6.211186944444455
Ga0.045In0.455Sn0.500,6.625619166666667
Ga0.033In0.657Sn0.310,6.686200833333338
Ga0.040In0.075Sn0.885,3.88702888888889
Ga0.277In0.334Sn0.389,6.245693055555564
Ga0.743In0.125Sn0.132,5.6547213888889
Ga0.174In0.457Sn0.369,6.637751666666673
Ga0.373In0.486Sn0.141,6.317495000000005
Ga0.256In0.387Sn0.357,6.545736944444451
Ga0.021In0.376Sn0.603,6.00633861111112
Ga0.381In0.219Sn0.400,6.057274166666675
Ga0.435In0.338Sn0.227,6.210953333333342
Ga0.333In0.405Sn0.262,6.463639444444453
Ga0.257In0.411Sn0.332,6.6509858333333405
Ga0.526In0.103Sn0.371,5.339365277777784
Ga0.249In0.547Sn0.204,6.673675555555562
Ga0.243In0.135Sn0.622,5.735898055555566
Ga0.075In0.542Sn0.383,6.590487222222225
Ga0.734In0.044Sn0.222,5.4272555555555675
Ga0.534In0.070Sn0.396,5.184280833333335
Ga0.016In0.321Sn0.663,5.605684722222236
Ga0.489In0.018Sn0.493,5.058237777777781
Ga0.551In0.337Sn0.112,5.532340277777784
Ga0.081In0.796Sn0.123,5.145113611111115
Ga0.137In0.536Sn0.327,6.727349444444448
Ga0.341In0.117Sn0.542,5.556695277777783
Ga0.198In0.607Sn0.195,6.4654802777777824
Ga0.521In0.403Sn0.076,5.281915833333338
Ga0.247In0.516Sn0.237,6.805463333333337
Ga0.249In0.347Sn0.404,6.530712500000009
Ga0.429In0.140Sn0.431,5.586498333333339
Ga0.467In0.099Sn0.434,5.336059444444451
Ga0.485In0.474Sn0.041,5.003081388888898
Ga0.155In0.439Sn0.406,6.7037816666666705
Ga0.900In0.082Sn0.018,5.2275791666666915
Ga0.418In0.048Sn0.534,5.226534444444443
Ga0.493In0.006Sn0.501,4.978076388888892
Ga0.195In0.535Sn0.270,6.72052166666667
Ga0.397In0.214Sn0.389,5.962085833333341
Ga0.184In0.209Sn0.607,6.050297500000014
Ga0.311In0.025Sn0.664,5.10647666666667
Ga0.522In0.255Sn0.223,5.858414166666676
Ga0.292In0.560Sn0.148,6.319595833333339
Ga0.399In0.133Sn0.468,5.556855833333339
Ga0.441In0.156Sn0.403,5.691160000000008
Ga0.502In0.105Sn0.393,5.330475000000006
Ga0.395In0.325Sn0.280,6.320710000000009
Ga0.082In0.361Sn0.557,6.031903611111117
Ga0.389In0.391Sn0.220,6.394191944444451
Ga0.471In0.098Sn0.431,5.328372777777783
Ga0.282In0.399Sn0.319,6.459675277777785
Ga0.483In0.333Sn0.184,5.971828888888897
Ga0.288In0.449Sn0.263,6.459527222222229
Ga0.285In0.140Sn0.575,5.7529700000000075
Ga0.781In0.111Sn0.108,5.764857777777792
Ga0.031In0.040Sn0.929,3.742880277777778
Ga0.464In0.163Sn0.373,5.6864711111111195
Ga0.551In0.075Sn0.374,5.22080027777778
Ga0.511In0.005Sn0.484,4.942274722222225
Ga0.058In0.329Sn0.613,5.8099838888889
Ga0.282In0.030Sn0.688,5.06263277777778
Ga0.257In0.458Sn0.285,6.68755694444445
Ga0.192In0.507Sn0.301,6.885086388888891
Ga0.248In0.163Sn0.589,5.911824444444458
Ga0.320In0.418Sn0.262,6.458202777777785
Ga0.247In0.641Sn0.112,6.0047052777777825
Ga0.503In0.486Sn0.011,4.690951944444452
Ga0.101In0.322Sn0.577,5.95641222222223
Ga0.434In0.215Sn0.351,5.88548472222223
Ga0.535In0.347Sn0.118,5.629870277777784
Ga0.063In0.512Sn0.425,6.781951111111113
Ga0.674In0.286Sn0.040,4.8568181944444575
Ga0.334In0.455Sn0.211,6.4103725000000065
Ga0.104In0.264Sn0.632,5.579888333333346
Ga0.272In0.400Sn0.328,6.526365833333341
Ga0.054In0.252Sn0.694,5.2279744444444605
Ga0.050In0.712Sn0.238,6.300698611111113
Ga0.334In0.128Sn0.538,5.5950752777777835
Ga0.373In0.334Sn0.293,6.331254444444454
Ga0.267In0.235Sn0.498,6.087041388888897
Ga0.218In0.424Sn0.358,6.60480583333334
Ga0.554In0.436Sn0.010,4.580070555555563
Ga0.240In0.378Sn0.382,6.551332777777786
Ga0.466In0.349Sn0.185,6.052400555555564
Ga0.368In0.076Sn0.556,5.461365000000001
Ga0.107In0.553Sn0.340,6.56840666666667
Ga0.361In0.375Sn0.264,6.442625555555565
Ga0.318In0.290Sn0.392,6.177836944444453
Ga0.398In0.038Sn0.564,5.291188611111112
Ga0.386In0.158Sn0.456,5.683095000000009
Ga0.329In0.300Sn0.371,6.215116388888897
Ga0.054In0.478Sn0.468,6.723749444444446
Ga0.363In0.218Sn0.419,6.024382500000008
Ga0.457In0.258Sn0.285,6.015832222222231
Ga0.416In0.149Sn0.435,5.6411172222222286
Ga0.316In0.413Sn0.271,6.414883333333341
Ga0.610In0.176Sn0.214,5.60777500000001
Ga0.269In0.004Sn0.727,5.094506666666669
Ga0.062In0.613Sn0.325,6.645386388888894
Ga0.262In0.109Sn0.629,5.540266111111119
Ga0.215In0.403Sn0.382,6.645968055555564
Ga0.167In0.265Sn0.568,6.1977777777777865
Ga0.484In0.127Sn0.389,5.4124030555555604
Ga0.013In0.333Sn0.654,5.658075277777791
Ga0.435In0.146Sn0.419,5.655328333333339
Ga0.194In0.549Sn0.257,6.645152222222226
Ga0.389In0.217Sn0.394,6.000588055555563
Ga0.321In0.286Sn0.393,6.153909166666675
Ga0.466In0.038Sn0.496,5.116753055555558
Ga0.383In0.288Sn0.329,6.2026488888888975
Ga0.116In0.451Sn0.433,6.518513333333336
Ga0.645In0.142Sn0.213,5.529842222222232
Ga0.702In0.036Sn0.262,5.168885833333344
Ga0.376In0.106Sn0.518,5.518098888888893
Ga0.398In0.241Sn0.361,6.004949166666676
Ga0.807In0.053Sn0.140,5.775026388888903
Ga0.253In0.049Sn0.698,5.1651808333333324
Ga0.059In0.759Sn0.182,5.878162499999997
Ga0.256In0.684Sn0.060,5.547587916666672
Ga0.210In0.061Sn0.729,5.130712222222219
Ga0.358In0.366Sn0.276,6.445565833333341
Ga0.281In0.714Sn0.005,4.805835000000005
Ga0.396In0.271Sn0.333,6.145818611111119
Ga0.823In0.174Sn0.003,5.252233472222243
Ga0.412In0.246Sn0.342,5.94343972222223
Ga0.323In0.168Sn0.509,5.736969722222232
Ga0.341In0.517Sn0.142,6.315986388888893
Ga0.369In0.313Sn0.318,6.249212222222231
Ga0.606In0.283Sn0.111,5.409905555555563
Ga0.289In0.409Sn0.302,6.5330563888888955
Ga0.356In0.310Sn0.334,6.224139166666674
Ga0.471In0.102Sn0.427,5.31951944444445
Ga0.301In0.673Sn0.026,5.029425138888897
Ga0.539In0.258Sn0.203,5.883877222222232
Ga0.368In0.371Sn0.261,6.414497777777787
Ga0.804In0.093Sn0.103,5.741441111111125
Ga0.336In0.334Sn0.330,6.2177419444444535
Ga0.855In0.010Sn0.135,5.780403611111129
Ga0.257In0.544Sn0.199,6.637893611111118
Ga0.232In0.451Sn0.317,6.718348055555561
Ga0.322In0.333Sn0.345,6.149883611111119
Ga0.488In0.191Sn0.321,5.801824722222231
Ga0.161In0.420Sn0.419,6.70311555555556
Ga0.161In0.561Sn0.278,6.630678888888892
Ga0.051In0.295Sn0.654,5.557862500000015
Ga0.524In0.423Sn0.053,5.017984861111119
Ga0.815In0.133Sn0.052,5.4930351388889065
Ga0.105In0.883Sn0.012,4.224235833333331
Ga0.365In0.280Sn0.355,6.093572500000008
Ga0.286In0.384Sn0.330,6.4130708333333395
Ga0.137In0.502Sn0.361,6.751550555555559
Ga0.378In0.341Sn0.281,6.328184444444453
Ga0.082In0.321Sn0.597,5.756963333333345
Ga0.429In0.184Sn0.387,5.8538483333333415
Ga0.400In0.115Sn0.485,5.419821666666673
Ga0.494In0.124Sn0.382,5.402320000000006
Ga0.505In0.238Sn0.257,5.863658333333343
Ga0.276In0.566Sn0.158,6.357490000000005
Ga0.550In0.260Sn0.190,5.815163055555565
Ga0.339In0.444Sn0.217,6.452769722222229
Ga0.465In0.152Sn0.383,5.620605555555563
Ga0.509In0.300Sn0.191,5.974012500000008
Ga0.254In0.567Sn0.179,6.524165000000006
Ga0.396In0.378Sn0.226,6.350196388888897
Ga0.335In0.150Sn0.515,5.708835277777786
Ga0.651In0.208Sn0.141,5.607896388888898
Ga0.041In0.915Sn0.044,4.294453055555558
Ga0.351In0.338Sn0.311,6.318801666666677
Ga0.347In0.348Sn0.305,6.3865661111111205
Ga0.443In0.442Sn0.115,5.812460277777784
Ga0.585In0.091Sn0.324,5.13079305555556
Ga0.418In0.517Sn0.065,5.509469722222227
Ga0.249In0.442Sn0.309,6.786406944444451
Ga0.639In0.309Sn0.052,4.9001098611111225
Ga0.114In0.440Sn0.446,6.51355166666667
Ga0.149In0.673Sn0.178,6.184292777777781
Ga0.677In0.208Sn0.115,5.489762222222233
Ga0.537In0.104Sn0.359,5.277650277777784
Ga0.363In0.451Sn0.186,6.306363888888895
Ga0.151In0.218Sn0.631,5.787972222222236
Ga0.423In0.329Sn0.248,6.224783333333343
Ga0.610In0.157Sn0.233,5.5716100000000095
Ga0.142In0.343Sn0.515,6.256917777777787
Ga0.446In0.448Sn0.106,5.746320277777781
Ga0.066In0.354Sn0.580,6.026686388888897
Ga0.216In0.065Sn0.719,5.200395555555554
Ga0.529In0.060Sn0.411,5.142955555555556
Ga0.717In0.012Sn0.271,5.247435000000009
Ga0.170In0.192Sn0.638,5.856721111111126
Ga0.532In0.119Sn0.349,5.296971944444451
Ga0.234In0.350Sn0.416,6.574523055555565
Ga0.547In0.321Sn0.132,5.708425833333339
Ga0.416In0.052Sn0.532,5.244175277777777
Ga0.714In0.032Sn0.254,5.198758055555567
Ga0.166In0.073Sn0.761,4.98965361111111
Ga0.298In0.325Sn0.377,6.166446944444454
Ga0.439In0.176Sn0.385,5.748613333333343
Ga0.160In0.402Sn0.438,6.643862777777783
Ga0.267In0.078Sn0.655,5.271258333333335
Ga0.346In0.524Sn0.130,6.213620000000005
Ga0.269In0.382Sn0.349,6.41044083333334
Ga0.348In0.285Sn0.367,6.165209166666675
Ga0.648In0.324Sn0.028,4.692143472222233
Ga0.188In0.521Sn0.291,6.803541944444446
Ga0.244In0.195Sn0.561,6.112733055555567
Ga0.194In0.291Sn0.515,6.344345555555565
Ga0.126In0.720Sn0.154,5.898756944444447
Ga0.499In0.338Sn0.163,5.877563055555564
Ga0.227In0.681Sn0.092,5.7183419444444485
Ga0.342In0.339Sn0.319,6.228385000000009
Ga0.245In0.220Sn0.535,6.146159166666676
Ga0.169In0.545Sn0.286,6.678808888888892
Ga0.287In0.512Sn0.201,6.580620277777782
Ga0.292In0.065Sn0.643,5.2469125
Ga0.437In0.102Sn0.461,5.385482222222229
Ga0.471In0.168Sn0.361,5.647272777777787
Ga0.364In0.353Sn0.283,6.425082222222231
Ga0.312In0.005Sn0.683,5.052049444444449
Ga0.432In0.513Sn0.055,5.311404444444451
Ga0.048In0.742Sn0.210,6.146066388888888
Ga0.310In0.490Sn0.200,6.536654722222227
Ga0.163In0.558Sn0.279,6.6291622222222255
Ga0.509In0.312Sn0.179,5.8657908333333415
Ga0.523In0.409Sn0.068,5.256629722222228
Ga0.105In0.805Sn0.090,4.855977222222227
Ga0.381In0.606Sn0.013,4.99092833333334
Ga0.627In0.220Sn0.153,5.6266938888889
Ga0.395In0.221Sn0.384,6.0139547222222305
Ga0.666In0.274Sn0.060,4.985025000000011
Ga0.167In0.581Sn0.252,6.533408055555559
Ga0.438In0.434Sn0.128,5.948277500000006
Ga0.683In0.070Sn0.247,5.296484166666677
Ga0.147In0.441Sn0.412,6.682031111111114
Ga0.213In0.349Sn0.438,6.5094175000000085
Ga0.116In0.687Sn0.197,6.168438888888889
Ga0.448In0.008Sn0.544,5.147783888888891
Ga0.566In0.143Sn0.291,5.412993611111117
Ga0.364In0.063Sn0.573,5.3934447222222195
Ga0.150In0.042Sn0.808,4.694027777777776
Ga0.427In0.515Sn0.058,5.360172916666673
Ga0.408In0.207Sn0.385,5.918096944444453
Ga0.397In0.295Sn0.308,6.259756111111121
Ga0.182In0.617Sn0.201,6.447498611111116
Ga0.430In0.454Sn0.116,5.858210277777783
Ga0.169In0.675Sn0.156,6.164101111111116
Ga0.303In0.658Sn0.039,5.239775416666673
Ga0.540In0.404Sn0.056,5.01868458333334
Ga0.241In0.370Sn0.389,6.521608333333342
Ga0.232In0.206Sn0.562,6.126194722222232
Ga0.204In0.441Sn0.355,6.63531694444445
Ga0.119In0.353Sn0.528,6.34865333333334
Ga0.160In0.443Sn0.397,6.663406111111114
Ga0.360In0.559Sn0.081,5.675137500000004
Ga0.305In0.341Sn0.354,6.185649722222232
Ga0.465In0.202Sn0.333,5.859261388888898
Ga0.066In0.409Sn0.525,6.320381388888893
Ga0.794In0.039Sn0.167,5.72722555555557
Ga0.056In0.609Sn0.335,6.655025277777782
Ga0.372In0.008Sn0.620,5.2123516666666685
Ga0.718In0.006Sn0.276,5.225502500000009
Ga0.196In0.501Sn0.303,6.889328611111114
Ga0.283In0.261Sn0.456,6.058600833333341
Ga0.110In0.467Sn0.423,6.588830277777781
Ga0.663In0.094Sn0.243,5.368747777777788
Ga0.244In0.239Sn0.517,6.212562222222231
Ga0.133In0.157Sn0.710,5.194629166666684
Ga0.627In0.045Sn0.328,5.0066502777777835
Ga0.227In0.547Sn0.226,6.6169041666666715
Ga0.367In0.060Sn0.573,5.362379166666663
Ga0.320In0.407Sn0.273,6.4567500000000075
Ga0.243In0.166Sn0.591,5.96800555555557
Ga0.518In0.295Sn0.187,5.941661666666675
Ga0.204In0.434Sn0.362,6.644645833333339
Ga0.277In0.169Sn0.554,5.872332777777788
Ga0.230In0.266Sn0.504,6.305283611111119
Ga0.502In0.063Sn0.435,5.1236377777777795
Ga0.157In0.445Sn0.398,6.7256338888888925
Ga0.565In0.155Sn0.280,5.52606861111112
Ga0.633In0.271Sn0.096,5.270907777777787
Ga0.222In0.228Sn0.550,6.162805277777786
Ga0.445In0.484Sn0.071,5.408404166666672
Ga0.389In0.295Sn0.316,6.2595600000000085
Ga0.241In0.126Sn0.633,5.62717972222223
Ga0.118In0.776Sn0.106,5.223360277777783
Ga0.376In0.389Sn0.235,6.458786388888896
Ga0.254In0.334Sn0.412,6.45581611111112
Ga0.094In0.322Sn0.584,5.923578888888897
Ga0.383In0.444Sn0.173,6.283467222222229
Ga0.175In0.339Sn0.486,6.429934444444453
Ga0.179In0.484Sn0.337,6.783700833333338
Ga0.196In0.332Sn0.472,6.4502933333333425
Ga0.442In0.041Sn0.517,5.1621063888888905
Ga0.293In0.323Sn0.384,6.15807250000001
Ga0.208In0.313Sn0.479,6.368186111111119
Ga0.508In0.220Sn0.272,5.833879166666676
Ga0.322In0.180Sn0.498,5.817281388888898
Ga0.406In0.081Sn0.513,5.35244527777778
Ga0.586In0.389Sn0.025,4.602909027777785
Ga0.397In0.253Sn0.350,5.964624166666676
Ga0.452In0.498Sn0.050,5.177994027777786
Ga0.278In0.371Sn0.351,6.339258611111117
Ga0.409In0.223Sn0.368,5.924986388888897
Ga0.565In0.258Sn0.177,5.666171944444454
Ga0.335In0.320Sn0.345,6.164639722222231
Ga0.103In0.730Sn0.167,5.851741111111111
Ga0.529In0.070Sn0.401,5.2431719444444465
Ga0.728In0.004Sn0.268,5.270782222222231
Ga0.243In0.678Sn0.079,5.658311944444449
Ga0.580In0.159Sn0.261,5.4661313888889
Ga0.411In0.454Sn0.135,6.041446111111117
Ga0.366In0.514Sn0.120,6.1035002777777825
Ga0.033In0.379Sn0.588,6.049615277777783
Ga0.273In0.245Sn0.482,6.089164722222231
Ga0.242In0.278Sn0.480,6.333432777777785
Ga0.176In0.295Sn0.529,6.4039969444444536
Ga0.366In0.478Sn0.156,6.355467222222228
Ga0.133In0.340Sn0.527,6.2191519444444525
Ga0.367In0.242Sn0.391,6.057646388888897
Ga0.215In0.690Sn0.095,5.6948200000000035
Ga0.098In0.200Sn0.702,5.193809444444461
Ga0.259In0.132Sn0.609,5.691989722222232
Ga0.052In0.334Sn0.614,5.8009188888889005
Ga0.180In0.391Sn0.429,6.639962500000006
Ga0.235In0.360Sn0.405,6.633819444444453
Ga0.368In0.165Sn0.467,5.745647222222231
Ga0.146In0.334Sn0.520,6.23081361111112
Ga0.403In0.424Sn0.173,6.163193888888896
Ga0.421In0.350Sn0.229,6.284878888888897
Ga0.300In0.392Sn0.308,6.430709166666674
Ga0.570In0.070Sn0.360,5.09893416666667
Ga0.369In0.362Sn0.269,6.422825555555565
Ga0.307In0.433Sn0.260,6.519441111111118
Ga0.342In0.386Sn0.272,6.447526666666675
Ga0.119In0.481Sn0.400,6.736103888888891
Ga0.498In0.489Sn0.013,4.730863611111118
Ga0.271In0.178Sn0.551,5.915159166666678
Ga0.451In0.258Sn0.291,5.99908000000001
Ga0.361In0.267Sn0.372,6.130774166666676
Ga0.399In0.087Sn0.514,5.3797280555555576
Ga0.277In0.253Sn0.470,6.061935277777786
Ga0.296In0.539Sn0.165,6.349485277777784
Ga0.145In0.478Sn0.377,6.731913888888893
Ga0.341In0.392Sn0.267,6.451731666666675
Ga0.451In0.526Sn0.023,4.874444305555564
Ga0.289In0.365Sn0.346,6.295701944444451
Ga0.592In0.173Sn0.235,5.617249444444456
Ga0.515In0.161Sn0.324,5.543903055555565
Ga0.388In0.384Sn0.228,6.4068813888888965
Ga0.404In0.306Sn0.290,6.221081111111119
Ga0.617In0.097Sn0.286,5.314619722222231
Ga0.432In0.179Sn0.389,5.80063611111112
Ga0.236In0.606Sn0.158,6.419361111111115
Ga0.197In0.127Sn0.676,5.409287500000012
Ga0.347In0.391Sn0.262,6.4906538888888985
Ga0.642In0.302Sn0.056,4.9486145833333435
Ga0.138In0.210Sn0.652,5.617797500000015
Ga0.425In0.202Sn0.373,5.930251388888897
Ga0.379In0.209Sn0.412,5.991968055555563
Ga0.398In0.175Sn0.427,5.797283888888899
Ga0.420In0.270Sn0.310,6.153921666666676
Ga0.277In0.163Sn0.560,5.826441666666678
Ga0.540In0.024Sn0.436,4.972492777777782
Ga0.301In0.606Sn0.093,5.725905833333338
Ga0.421In0.551Sn0.028,4.978007638888896
Ga0.120In0.473Sn0.407,6.704905000000003
Ga0.395In0.047Sn0.558,5.276064166666664
Ga0.300In0.230Sn0.470,5.859961944444452
Ga0.336In0.310Sn0.354,6.140340277777788
Ga0.262In0.121Sn0.617,5.620741666666676
Ga0.413In0.145Sn0.442,5.6613977777777835
Ga0.540In0.119Sn0.341,5.297710277777784
Ga0.327In0.600Sn0.073,5.537846666666671
Ga0.320In0.577Sn0.103,5.835393611111115
Ga0.100In0.392Sn0.508,6.286976111111116
Ga0.415In0.356Sn0.229,6.319846388888897
Ga0.367In0.368Sn0.265,6.423225555555565
Ga0.129In0.023Sn0.848,4.4064741666666665
Ga0.241In0.415Sn0.344,6.644860277777784
Ga0.220In0.505Sn0.275,6.8295591666666695
Ga0.273In0.085Sn0.642,5.32886027777778
Ga0.056In0.540Sn0.404,6.779381388888891
Ga0.372In0.013Sn0.615,5.2604458333333355
Ga0.423In0.385Sn0.192,6.332295277777785
Ga0.486In0.259Sn0.255,5.893001944444454
Ga0.234In0.670Sn0.096,5.790372777777781
Ga0.314In0.175Sn0.511,5.792966944444455
Ga0.201In0.364Sn0.435,6.549227777777785
Ga0.144In0.496Sn0.360,6.723462222222226
Ga0.171In0.417Sn0.412,6.70846055555556
Ga0.243In0.394Sn0.363,6.56929861111112
Ga0.528In0.423Sn0.049,4.96932222222223
Ga0.429In0.475Sn0.096,5.754413888888894
Ga0.610In0.202Sn0.188,5.653970555555565
Ga0.364In0.240Sn0.396,6.061946388888897
Ga0.347In0.072Sn0.581,5.4563149999999965
Ga0.721In0.038Sn0.241,5.383378611111123
Ga0.199In0.395Sn0.406,6.665162500000005
Ga0.510In0.236Sn0.254,5.863744444444454
Ga0.426In0.168Sn0.406,5.820316111111119
Ga0.268In0.539Sn0.193,6.504050833333339
Ga0.778In0.152Sn0.070,5.504702500000014
Ga0.082In0.224Sn0.694,5.074552777777791
Ga0.279In0.360Sn0.361,6.354386944444453
Ga0.436In0.270Sn0.294,6.1649077777777865
Ga0.792In0.075Sn0.133,5.857114444444457
Ga0.024In0.805Sn0.171,5.625484166666668
Ga0.467In0.113Sn0.420,5.400448611111117
Ga0.037In0.337Sn0.626,5.7789013888889
Ga0.165In0.039Sn0.796,4.856826666666667
Ga0.280In0.160Sn0.560,5.813819444444456
Ga0.244In0.277Sn0.479,6.333432777777785
Ga0.358In0.637Sn0.005,4.875501527777785
Ga0.193In0.436Sn0.371,6.69872583333334
Ga0.128In0.603Sn0.269,6.4469952777777815
Ga0.308In0.105Sn0.587,5.604385277777784
Ga0.759In0.235Sn0.006,5.003952916666683
Ga0.504In0.252Sn0.244,5.830675000000011
Ga0.380In0.327Sn0.293,6.322104444444453
Ga0.617In0.068Sn0.315,5.135901666666673
Ga0.862In0.058Sn0.080,5.563651388888908
Ga0.024In0.539Sn0.437,6.7895722222222235
Ga0.428In0.344Sn0.228,6.2576511111111195
Ga0.407In0.236Sn0.357,5.9726130555555645
Ga0.526In0.440Sn0.034,4.859431944444453
Ga0.470In0.217Sn0.313,5.916450555555564
Ga0.398In0.081Sn0.521,5.432898611111112
Ga0.187In0.321Sn0.492,6.416198055555564
Ga0.179In0.393Sn0.428,6.637429166666673
Ga0.265In0.360Sn0.375,6.422916666666675
Ga0.493In0.286Sn0.221,6.015881666666675
Ga0.675In0.223Sn0.102,5.397604166666678
Ga0.442In0.396Sn0.162,6.136575833333341
Ga0.313In0.441Sn0.246,6.509364722222228
Ga0.476In0.105Sn0.419,5.368140277777783
Ga0.530In0.117Sn0.353,5.277695833333341
Ga0.553In0.365Sn0.082,5.207566388888895
Ga0.087In0.710Sn0.203,6.1566211111111135
Ga0.299In0.357Sn0.344,6.26207472222223
Ga0.089In0.467Sn0.444,6.56053527777778
Ga0.007In0.187Sn0.806,4.704705833333348
Ga0.332In0.307Sn0.361,6.165399722222231
Ga0.237In0.207Sn0.556,6.186921388888898
Ga0.650In0.035Sn0.315,5.037524444444452
Ga0.625In0.010Sn0.365,4.936778055555564
Ga0.184In0.500Sn0.316,6.910873055555558
Ga0.413In0.215Sn0.372,5.951916944444452
Ga0.023In0.516Sn0.461,6.834802777777777
Ga0.428In0.218Sn0.354,5.897839166666675
Ga0.373In0.394Sn0.233,6.46569472222223
Ga0.332In0.513Sn0.155,6.4214355555555604
Ga0.332In0.072Sn0.596,5.419269999999999
Ga0.385In0.185Sn0.430,5.868632777777785
Ga0.417In0.462Sn0.121,5.9625975000000055
Ga0.043In0.750Sn0.207,6.078674166666665
Ga0.327In0.016Sn0.657,5.128630833333336
Ga0.577In0.194Sn0.229,5.710080833333343
Ga0.379In0.267Sn0.354,6.047073055555565
Ga0.422In0.199Sn0.379,5.933218055555564
Ga0.559In0.329Sn0.112,5.465256944444452
Ga0.498In0.041Sn0.461,5.048698611111114
Ga0.353In0.472Sn0.175,6.310665000000006
Ga0.289In0.240Sn0.471,5.988628611111119
Ga0.227In0.376Sn0.397,6.549983333333342
Ga0.091In0.569Sn0.340,6.584453333333337
Ga0.078In0.287Sn0.635,5.561661111111123
Ga0.154In0.687Sn0.159,6.113360555555557
Ga0.427In0.155Sn0.418,5.6894205555555635
Ga0.323In0.322Sn0.355,6.128692500000009
Ga0.282In0.558Sn0.160,6.352707222222227
Ga0.828In0.066Sn0.106,5.72419444444446
Ga0.503In0.348Sn0.149,5.883155277777785
Ga0.337In0.211Sn0.452,5.923363055555563
Ga0.003In0.640Sn0.357,6.649132777777783
Ga0.104In0.298Sn0.598,5.8445177777777895
Ga0.240In0.747Sn0.013,4.963887361111117
Ga0.258In0.344Sn0.398,6.498693055555565
Ga0.447In0.418Sn0.135,6.038872222222228
Ga0.090In0.711Sn0.199,6.133065555555557
Ga0.589In0.079Sn0.332,5.142683888888893
Ga0.007In0.487Sn0.506,6.91674611111111
Ga0.513In0.342Sn0.145,5.871949444444451
Ga0.404In0.278Sn0.318,6.117183333333341
Ga0.206In0.463Sn0.331,6.728829166666673
Ga0.510In0.450Sn0.040,4.942668611111119
Ga0.180In0.733Sn0.087,5.5034161111111155
Ga0.683In0.104Sn0.213,5.493313611111121
Ga0.022In0.671Sn0.307,6.677153611111115
Ga0.123In0.154Sn0.723,5.077447500000017
Ga0.140In0.418Sn0.442,6.569003333333337
Ga0.421In0.569Sn0.010,4.828317361111116
Ga0.155In0.337Sn0.508,6.326045555555564
Ga0.554In0.111Sn0.335,5.275784166666671
Ga0.014In0.478Sn0.508,6.7399700000000005
Ga0.343In0.334Sn0.323,6.231190555555565
Ga0.078In0.715Sn0.207,6.14158638888889
Ga0.096In0.488Sn0.416,6.712903055555558
Ga0.482In0.446Sn0.072,5.308819722222227
Ga0.231In0.555Sn0.214,6.624051388888894
Ga0.160In0.407Sn0.433,6.670818333333339
Ga0.254In0.374Sn0.372,6.532437777777787
Ga0.270In0.338Sn0.392,6.277052222222231
Ga0.029In0.468Sn0.503,6.717824722222224
Ga0.245In0.462Sn0.293,6.747923055555561
Ga0.236In0.104Sn0.660,5.499341944444452
Ga0.447In0.090Sn0.463,5.331432222222226
Ga0.321In0.263Sn0.416,6.096990833333343
Ga0.419In0.509Sn0.072,5.530620277777782
Ga0.127In0.316Sn0.557,6.094659444444453
Ga0.879In0.091Sn0.030,5.240217222222245
Ga0.518In0.280Sn0.202,5.961439166666675
Ga0.425In0.140Sn0.435,5.574468333333339
Ga0.550In0.035Sn0.415,5.044660277777779
Ga0.121In0.440Sn0.439,6.583380555555558
Ga0.488In0.491Sn0.021,4.815506388888897
Ga0.338In0.235Sn0.427,6.0149413888888965
Ga0.336In0.324Sn0.340,6.165720277777787
Ga0.155In0.149Sn0.696,5.373217500000015
Ga0.035In0.410Sn0.555,6.28525416666667
Ga0.878In0.024Sn0.098,5.6631788333333555
Ga0.335In0.122Sn0.543,5.594744166666673
Ga0.323In0.368Sn0.309,6.392226944444452
Ga0.378In0.313Sn0.309,6.2965155555555645
Ga0.155In0.453Sn0.392,6.627258888888892
Ga0.371In0.475Sn0.154,6.375640000000006
Ga0.415In0.049Sn0.536,5.228614166666666
Ga0.182In0.573Sn0.245,6.582350000000005
Ga0.087In0.336Sn0.577,5.977037222222231
Ga0.128In0.576Sn0.296,6.592871111111116
Ga0.328In0.145Sn0.527,5.745670277777785
Ga0.423In0.496Sn0.081,5.577860000000005
Ga0.205In0.513Sn0.282,6.7857897222222245
Ga0.477In0.363Sn0.160,5.958859166666673
Ga0.448In0.386Sn0.166,6.128581944444452
Ga0.235In0.384Sn0.381,6.597669444444453
Ga0.266In0.709Sn0.025,5.094750694444452
Ga0.307In0.059Sn0.634,5.288476944444443
Ga0.209In0.353Sn0.438,6.531367500000008
Ga0.394In0.224Sn0.382,6.0139547222222305
Ga0.416In0.116Sn0.468,5.446657500000007
Ga0.255In0.548Sn0.197,6.635435000000006
Ga0.135In0.762Sn0.103,5.315184722222226
Ga0.200In0.320Sn0.480,6.416184444444453
Ga0.397In0.523Sn0.080,5.541968888888894
Ga0.201In0.366Sn0.433,6.567861111111118
Ga0.378In0.455Sn0.167,6.217239444444451
Ga0.057In0.791Sn0.152,5.588215000000001
Ga0.343In0.497Sn0.160,6.372022222222227
Ga0.077In0.852Sn0.071,4.668791944444449
Ga0.413In0.098Sn0.489,5.40262305555556
Ga0.034In0.590Sn0.376,6.675141666666672
Ga0.315In0.303Sn0.382,6.188684166666675
Ga0.317In0.412Sn0.271,6.434050000000008
Ga0.457In0.140Sn0.403,5.590518333333338
Ga0.033In0.529Sn0.438,6.797855555555556
Ga0.024In0.527Sn0.449,6.820041666666667
Ga0.152In0.197Sn0.651,5.717045833333349
Ga0.029In0.423Sn0.548,6.338495000000003
Ga0.006In0.969Sn0.025,3.8004718055555533
Ga0.463In0.254Sn0.283,5.997727222222231
Ga0.069In0.497Sn0.434,6.716572500000002
Ga0.260In0.439Sn0.301,6.719868611111117
Ga0.342In0.399Sn0.259,6.463883888888898
Ga0.096In0.441Sn0.463,6.475176944444447
Ga0.396In0.253Sn0.351,5.978940833333342
Ga0.087In0.487Sn0.426,6.690722500000002
Ga0.275In0.368Sn0.357,6.333692500000007
Ga0.196In0.118Sn0.686,5.410118611111122
Ga0.392In0.308Sn0.300,6.331323888888898
Ga0.158In0.815Sn0.027,4.6564776388888935
Ga0.124In0.438Sn0.438,6.567010555555558
Ga0.386In0.500Sn0.114,5.989888055555561
Ga0.138In0.836Sn0.026,4.5220686111111155
Ga0.417In0.483Sn0.100,5.814119722222228
Ga0.086In0.624Sn0.290,6.518966666666671
Ga0.406In0.069Sn0.525,5.362249722222221
Ga0.429In0.335Sn0.236,6.230114444444453
Ga0.520In0.394Sn0.086,5.348488055555561
Ga0.626In0.232Sn0.142,5.571458888888898
Ga0.498In0.179Sn0.323,5.644115555555566
Ga0.536In0.022Sn0.442,5.027696111111115
Ga0.181In0.222Sn0.597,6.076737500000014
Ga0.414In0.507Sn0.079,5.553261111111115
Ga0.294In0.089Sn0.617,5.374546111111115
Ga0.648In0.172Sn0.180,5.522072777777788
Ga0.505In0.276Sn0.219,5.953822777777786
Ga0.252In0.570Sn0.178,6.516915000000006
Ga0.417In0.157Sn0.426,5.673697777777786
Ga0.515In0.164Sn0.321,5.54280861111112
Ga0.569In0.363Sn0.068,5.111520555555561
Ga0.425In0.221Sn0.354,5.897839166666675
Ga0.100In0.329Sn0.571,5.943938888888896
Ga0.299In0.584Sn0.117,5.997249722222228
Ga0.250In0.421Sn0.329,6.66412694444445
Ga0.303In0.307Sn0.390,6.195328055555564
Ga0.302In0.300Sn0.398,6.209875277777786
Ga0.497In0.196Sn0.307,5.831130833333344
Ga0.362In0.270Sn0.368,6.102791388888898
Ga0.515In0.194Sn0.291,5.736665555555565
Ga0.354In0.267Sn0.379,6.12250861111112
Ga0.331In0.295Sn0.374,6.19806472222223
Ga0.497In0.200Sn0.303,5.850911388888899
Ga0.431In0.513Sn0.056,5.340062777777785
Ga0.291In0.373Sn0.336,6.2975241666666735
Ga0.454In0.274Sn0.272,6.070735555555565
Ga0.282In0.397Sn0.321,6.4238197222222295
Ga0.396In0.439Sn0.165,6.247421666666673
Ga0.550In0.328Sn0.122,5.61401083333334
Ga0.084In0.261Sn0.655,5.491314166666681
Ga0.448In0.162Sn0.390,5.693176666666676
Ga0.007In0.415Sn0.578,6.265160000000003
Ga0.372In0.121Sn0.507,5.545063333333339
Ga0.449In0.379Sn0.172,6.049598055555563
Ga0.389In0.324Sn0.287,6.318512222222231
Ga0.106In0.260Sn0.634,5.5324683333333455
Ga0.310In0.034Sn0.656,5.118215000000004
Ga0.238In0.523Sn0.239,6.713649444444448
Ga0.474In0.126Sn0.400,5.488138611111116
Ga0.110In0.460Sn0.430,6.574574722222225
Ga0.431In0.044Sn0.525,5.257176666666667
Ga0.278In0.534Sn0.188,6.432287222222227
Ga0.346In0.411Sn0.243,6.493568611111119
Ga0.392In0.165Sn0.443,5.786413888888897
Ga0.398In0.176Sn0.426,5.797283888888899
Ga0.399In0.479Sn0.122,6.004639722222229
Ga0.452In0.302Sn0.246,6.134108333333343
Ga0.454In0.189Sn0.357,5.788701944444453
Ga0.119In0.455Sn0.426,6.613916111111114
Ga0.057In0.411Sn0.532,6.353971388888893
Ga0.460In0.191Sn0.349,5.770850277777787
Ga0.514In0.380Sn0.106,5.61421305555556
Ga0.157In0.327Sn0.516,6.343371944444453
Ga0.423In0.186Sn0.391,5.879206111111119
Ga0.349In0.599Sn0.052,5.4226440277777845
Ga0.121In0.472Sn0.407,6.683455000000003
Ga0.412In0.353Sn0.235,6.316550555555564
Ga0.248In0.373Sn0.379,6.515557777777786
Ga0.498In0.454Sn0.048,4.956133611111119
Ga0.553In0.328Sn0.119,5.53999194444445
Ga0.017In0.459Sn0.524,6.609094722222224
Ga0.426In0.261Sn0.313,6.105632222222233
Ga0.150In0.492Sn0.358,6.730548888888891
Ga0.695In0.252Sn0.053,4.946128194444459
Ga0.922In0.014Sn0.064,5.482495277777801
Ga0.333In0.375Sn0.292,6.4235380555555635
Ga0.388In0.256Sn0.356,5.985186944444453
Ga0.384In0.378Sn0.238,6.378578055555562
Ga0.534In0.101Sn0.365,5.278072222222228
Ga0.206In0.296Sn0.498,6.363491388888897
Ga0.098In0.491Sn0.411,6.68920027777778
Ga0.139In0.358Sn0.503,6.388161666666675
Ga0.588In0.216Sn0.196,5.692731666666675
Ga0.085In0.477Sn0.438,6.599185277777781
Ga0.447In0.331Sn0.222,6.131070000000009
Ga0.163In0.331Sn0.506,6.38372111111112
Ga0.272In0.380Sn0.348,6.401124166666674
Ga0.338In0.456Sn0.206,6.399364166666672
Ga0.336In0.284Sn0.380,6.143854166666676
Ga0.411In0.254Sn0.335,5.99327861111112
Ga0.338In0.098Sn0.564,5.537276111111114
Ga0.024In0.046Sn0.930,3.7299500000000005
Ga0.449In0.267Sn0.284,6.0837133333333435
Ga0.465In0.269Sn0.266,6.041177222222232
Ga0.534In0.256Sn0.210,5.888531388888898
Ga0.364In0.164Sn0.472,5.71384722222223
Ga0.384In0.265Sn0.351,6.054472500000008
Ga0.489In0.452Sn0.059,5.134226111111117
Ga0.329In0.197Sn0.474,5.896486388888897
Ga0.276In0.238Sn0.486,6.060139444444452
Ga0.218In0.288Sn0.494,6.3638136111111185
Ga0.168In0.635Sn0.197,6.342025833333336
Ga0.211In0.412Sn0.377,6.657759166666674
Ga0.576In0.293Sn0.131,5.5895458333333385
Ga0.304In0.616Sn0.080,5.637693611111117
Ga0.349In0.150Sn0.501,5.712886944444452
Ga0.845In0.081Sn0.074,5.624627777777794
Ga0.388In0.454Sn0.158,6.186286666666672
Ga0.327In0.116Sn0.557,5.567219722222228
Ga0.188In0.651Sn0.161,6.224883333333338
Ga0.431In0.404Sn0.165,6.218482222222229
Ga0.397In0.391Sn0.212,6.415721944444452
Ga0.389In0.245Sn0.366,6.00580861111112
Ga0.144In0.026Sn0.830,4.529095833333333
Ga0.241In0.352Sn0.407,6.600814722222231
Ga0.612In0.120Sn0.268,5.38234611111112
Ga0.529In0.171Sn0.300,5.641692500000009
Ga0.613In0.305Sn0.082,5.127747222222229
Ga0.483In0.399Sn0.118,5.77575083333334
Ga0.065In0.452Sn0.483,6.49622638888889
Ga0.486In0.163Sn0.351,5.583307777777786
Ga0.295In0.509Sn0.196,6.525479444444449
Ga0.476In0.401Sn0.123,5.839529166666672
Ga0.169In0.666Sn0.165,6.190687222222226
Ga0.263In0.147Sn0.590,5.838110833333345
Ga0.902In0.096Sn0.002,5.183595555555582
Ga0.202In0.533Sn0.265,6.701323055555559
Ga0.519In0.179Sn0.302,5.679711388888899
Ga0.291In0.230Sn0.479,5.881045277777784
Ga0.307In0.436Sn0.257,6.495384166666673
Ga0.291In0.337Sn0.372,6.181643611111121
Ga0.060In0.645Sn0.295,6.669344722222226
Ga0.233In0.326Sn0.441,6.4637650000000075
Ga0.460In0.164Sn0.376,5.688304444444453
Ga0.292In0.191Sn0.517,5.873203333333343
Ga0.078In0.530Sn0.392,6.590009444444447
Ga0.499In0.168Sn0.333,5.626144722222232
Ga0.169In0.524Sn0.307,6.78717277777778
Ga0.355In0.237Sn0.408,6.1110558333333405
Ga0.305In0.307Sn0.388,6.218911388888897
Ga0.253In0.468Sn0.279,6.704771944444451
Ga0.221In0.278Sn0.501,6.314143611111119
Ga0.771In0.140Sn0.089,5.548366666666681
Ga0.063In0.736Sn0.201,6.1195738888888895
Ga0.606In0.278Sn0.116,5.421001111111118
Ga0.231In0.219Sn0.550,6.170096388888896
Ga0.382In0.106Sn0.512,5.49859444444445
Ga0.355In0.153Sn0.492,5.675284166666674
Ga0.095In0.368Sn0.537,6.174080833333338
Ga0.206In0.746Sn0.048,5.159740000000005
Ga0.323In0.091Sn0.586,5.453681111111112
Ga0.332In0.502Sn0.166,6.411182777777782
Ga0.413In0.280Sn0.307,6.149007222222232
Ga0.284In0.324Sn0.392,6.2035558333333425
Ga0.379In0.019Sn0.602,5.321650277777779
Ga0.327In0.466Sn0.207,6.419386388888895
Ga0.405In0.355Sn0.240,6.321938055555564
Ga0.129In0.788Sn0.083,4.948363611111114
Ga0.066In0.147Sn0.787,4.547178055555566
Ga0.376In0.397Sn0.227,6.434119166666673
Ga0.298In0.339Sn0.363,6.124199722222233
Ga0.163In0.572Sn0.265,6.605892777777782
Ga0.329In0.332Sn0.339,6.173325277777786
Ga0.298In0.185Sn0.517,5.831324166666676
Ga0.440In0.231Sn0.329,5.906686666666674
Ga0.367In0.297Sn0.336,6.199600277777785
Ga0.080In0.252Sn0.668,5.230176666666679
Ga0.711In0.168Sn0.121,5.506888333333345
Ga0.509In0.209Sn0.282,5.833751944444453
Ga0.202In0.236Sn0.562,6.163821944444455
Ga0.347In0.322Sn0.331,6.262797500000009
Ga0.731In0.191Sn0.078,5.438450555555568
Ga0.343In0.451Sn0.206,6.380839166666672
Ga0.508In0.372Sn0.120,5.7385869444444495
Ga0.407In0.205Sn0.388,5.919030277777786
Ga0.346In0.239Sn0.415,6.092861388888897
Ga0.238In0.070Sn0.692,5.261417777777776
Ga0.366In0.374Sn0.260,6.43293111111112
Ga0.398In0.278Sn0.324,6.15258611111112
Ga0.472In0.375Sn0.153,6.049692500000006
Ga0.332In0.444Sn0.224,6.464913611111117
Ga0.379In0.367Sn0.254,6.369630277777786
Ga0.242In0.571Sn0.187,6.524633333333338
Ga0.180In0.650Sn0.170,6.270467222222226
Ga0.342In0.433Sn0.225,6.4485747222222285
Ga0.423In0.026Sn0.551,5.230541111111113
Ga0.058In0.376Sn0.566,6.077154722222229
Ga0.198In0.533Sn0.269,6.718799444444448
Ga0.080In0.421Sn0.499,6.3008233333333346
Ga0.317In0.389Sn0.294,6.489845833333342
Ga0.210In0.319Sn0.471,6.39508722222223
Ga0.528In0.316Sn0.156,5.858548888888897
Ga0.043In0.933Sn0.024,4.036610555555557
Ga0.347In0.373Sn0.280,6.45926361111112
Ga0.261In0.505Sn0.234,6.772722222222226
Ga0.207In0.668Sn0.125,5.9844972222222275
Ga0.515In0.193Sn0.292,5.743029444444454
Ga0.214In0.742Sn0.044,5.118438888888894
Ga0.221In0.524Sn0.255,6.731055000000004
Ga0.383In0.283Sn0.334,6.146411944444452
Ga0.510In0.130Sn0.360,5.377895000000006
Ga0.329In0.499Sn0.172,6.368266111111115
Ga0.132In0.415Sn0.453,6.438526666666672
Ga0.675In0.287Sn0.038,4.81613541666668
Ga0.228In0.689Sn0.083,5.635862777777782
Ga0.371In0.436Sn0.193,6.408324722222229
Ga0.194In0.262Sn0.544,6.273405833333343
Ga0.190In0.486Sn0.324,6.85745916666667
Ga0.057In0.591Sn0.352,6.654639166666672
Ga0.547In0.347Sn0.106,5.506112500000006
Ga0.493In0.425Sn0.082,5.331378611111116
Ga0.427In0.572Sn0.001,4.73903569444445
Ga0.445In0.031Sn0.524,5.178201944444447
Ga0.388In0.130Sn0.482,5.535486388888894
Ga0.382In0.570Sn0.048,5.2860540277777845
Ga0.323In0.224Sn0.453,5.921327500000007
Ga0.441In0.251Sn0.308,5.993391111111122
Ga0.327In0.338Sn0.335,6.169339166666675
Ga0.347In0.200Sn0.453,5.951796388888897
Ga0.272In0.222Sn0.506,6.025978611111118
Ga0.484In0.285Sn0.231,6.069730833333342
Ga0.465In0.337Sn0.198,6.079723333333342
Ga0.841In0.071Sn0.088,5.6286877777777935
Ga0.548In0.067Sn0.385,5.152563333333335
Ga0.675In0.136Sn0.189,5.539011388888899
Ga0.411In0.227Sn0.362,5.9390769444444516
Ga0.343In0.015Sn0.642,5.204981111111114
Ga0.121In0.574Sn0.305,6.650287777777781
Ga0.579In0.262Sn0.159,5.628230277777786
Ga0.322In0.225Sn0.453,5.921327500000007
Ga0.326In0.348Sn0.326,6.266232222222232
Ga0.524In0.017Sn0.459,4.994927222222226
Ga0.483In0.268Sn0.249,5.971060277777788
Ga0.001In0.652Sn0.347,6.634011111111117
Ga0.569In0.222Sn0.209,5.766269722222232
Ga0.582In0.233Sn0.185,5.638696388888897
Ga0.196In0.632Sn0.172,6.3146800000000045
Ga0.679In0.103Sn0.218,5.494235833333343
Ga0.194In0.301Sn0.505,6.375376944444453
Ga0.051In0.521Sn0.428,6.8131047222222225
Ga0.221In0.396Sn0.383,6.576645833333341
Ga0.121In0.448Sn0.431,6.59717166666667
Ga0.184In0.585Sn0.231,6.544704166666671
Ga0.445In0.202Sn0.353,5.809004166666676
Ga0.263In0.014Sn0.723,5.169597222222225
Ga0.053In0.332Sn0.615,5.781175555555567
Ga0.233In0.390Sn0.377,6.629709166666674
Ga0.479In0.272Sn0.249,5.9871452777777865
Ga0.250In0.543Sn0.207,6.665824166666672
Ga0.260In0.559Sn0.181,6.505009444444451
Ga0.426In0.395Sn0.179,6.197770277777785
Ga0.349In0.308Sn0.343,6.207725833333341
Ga0.562In0.376Sn0.062,5.017810000000006
Ga0.560In0.011Sn0.429,4.895489722222226
Ga0.292In0.289Sn0.419,6.156014166666676
Ga0.263In0.386Sn0.351,6.5009863888888955
Ga0.417In0.129Sn0.454,5.491875833333339
Ga0.331In0.555Sn0.114,5.970757500000006
Ga0.352In0.265Sn0.383,6.113117500000009
Ga0.285In0.349Sn0.366,6.228915555555564
Ga0.044In0.645Sn0.311,6.678275833333338
Ga0.381In0.194Sn0.425,5.906934166666674
Ga0.016In0.391Sn0.593,6.080703888888895
Ga0.396In0.392Sn0.212,6.428488611111119
Ga0.782In0.083Sn0.135,5.798496666666679
Ga0.303In0.589Sn0.108,5.960048888888895
Ga0.323In0.305Sn0.372,6.20318861111112
Ga0.140In0.214Sn0.646,5.659783611111126
Ga0.109In0.494Sn0.397,6.655284166666669
Ga0.508In0.167Sn0.325,5.586215555555565
Ga0.771In0.076Sn0.153,5.824760277777789
Ga0.835In0.129Sn0.036,5.368494027777797
Ga0.319In0.483Sn0.198,6.454605277777784
Ga0.440In0.236Sn0.324,5.9710477777777875
Ga0.007In0.755Sn0.238,6.15215111111111
Ga0.557In0.177Sn0.266,5.589662500000011
Ga0.005In0.757Sn0.238,6.146398333333332
Ga0.380In0.549Sn0.071,5.550220833333338
Ga0.055In0.535Sn0.410,6.766821388888891
Ga0.319In0.167Sn0.514,5.746972500000009
Ga0.229In0.385Sn0.386,6.613606111111119
Ga0.519In0.174Sn0.307,5.643633611111121
Ga0.521In0.386Sn0.093,5.477364166666671
Ga0.200In0.263Sn0.537,6.284886388888898
Ga0.126In0.489Sn0.385,6.715797222222226
Ga0.185In0.338Sn0.477,6.452754444444453
Ga0.569In0.085Sn0.346,5.13283166666667
Ga0.041In0.539Sn0.420,6.745781944444446
Ga0.091In0.407Sn0.502,6.377859444444448
Ga0.466In0.028Sn0.506,5.092578611111114
Ga0.325In0.251Sn0.424,6.017779722222231
Ga0.245In0.357Sn0.398,6.587806111111119
Ga0.272In0.456Sn0.272,6.538670000000006
Ga0.714In0.278Sn0.008,4.685117083333347
Ga0.733In0.110Sn0.157,5.6197963888889
Ga0.194In0.466Sn0.340,6.706451388888894
Ga0.278In0.244Sn0.478,6.06711472222223
Ga0.577In0.188Sn0.235,5.688843888888899
Ga0.371In0.338Sn0.291,6.301279444444454
Ga0.175In0.344Sn0.481,6.464223888888896
Ga0.067In0.549Sn0.384,6.600037222222226
Ga0.411In0.173Sn0.416,5.811816666666675
Ga0.002In0.691Sn0.307,6.690129166666671
Ga0.206In0.410Sn0.384,6.620784722222231
Ga0.233In0.417Sn0.350,6.648524166666673
Ga0.293In0.195Sn0.512,5.873203333333343
Ga0.409In0.336Sn0.255,6.18867000000001
Ga0.292In0.362Sn0.346,6.286268611111118
Ga0.531In0.277Sn0.192,5.9282602777777855
Ga0.376In0.540Sn0.084,5.638593611111117
Ga0.473In0.254Sn0.273,5.96148000000001
Ga0.205In0.361Sn0.434,6.576119444444453
Ga0.287In0.329Sn0.384,6.183222500000009
Ga0.387In0.123Sn0.490,5.501426666666672
Ga0.047In0.338Sn0.615,5.788425277777789
Ga0.443In0.244Sn0.313,6.028027222222232
Ga0.428In0.376Sn0.196,6.309713888888895
Ga0.312In0.306Sn0.382,6.214522500000009
Ga0.333In0.591Sn0.076,5.582928888888894
Ga0.406In0.433Sn0.161,6.178482777777784
Ga0.331In0.258Sn0.411,6.062203055555564
Ga0.420In0.184Sn0.396,5.866265000000008
Ga0.505In0.111Sn0.384,5.369225555555562
Ga0.127In0.422Sn0.451,6.460023888888892
Ga0.239In0.169Sn0.592,5.963871111111124
Ga0.440In0.256Sn0.304,6.018041111111121
Ga0.295In0.371Sn0.334,6.2880297222222294
Ga0.114In0.647Sn0.239,6.2361102777777795
Ga0.042In0.748Sn0.210,6.10522972222222
Ga0.378In0.433Sn0.189,6.343305555555562
Ga0.492In0.054Sn0.454,5.082893333333335
Ga0.313In0.387Sn0.300,6.512506388888898
Ga0.534In0.066Sn0.400,5.2303900000000025
Ga0.128In0.431Sn0.441,6.53615277777778
Ga0.511In0.147Sn0.342,5.474907500000006
Ga0.455In0.366Sn0.179,6.060598055555563
Ga0.403In0.266Sn0.331,6.0803319444444535
Ga0.331In0.395Sn0.274,6.475305277777786
Ga0.104In0.392Sn0.504,6.308043888888894
Ga0.327In0.235Sn0.438,5.976049166666676
Ga0.513In0.430Sn0.057,5.133788333333339
Ga0.434In0.184Sn0.382,5.869018333333342
Ga0.497In0.141Sn0.362,5.46763083333334
Ga0.296In0.443Sn0.261,6.458663333333341
Ga0.500In0.082Sn0.418,5.234568611111112
Ga0.064In0.488Sn0.448,6.71159138888889
Ga0.365In0.319Sn0.316,6.293470555555565
Ga0.272In0.430Sn0.298,6.638110277777784
Ga0.032In0.030Sn0.938,3.722959722222222
Ga0.503In0.093Sn0.404,5.313083055555558
Ga0.184In0.763Sn0.053,5.219942638888894
Ga0.156In0.019Sn0.825,4.780788611111112
Ga0.152In0.837Sn0.011,4.504971111111113
Ga0.268In0.341Sn0.391,6.296232222222232
Ga0.723In0.192Sn0.085,5.4151905555555695
Ga0.022In0.789Sn0.189,5.782958611111112
Ga0.496In0.003Sn0.501,4.961741944444448
Ga0.637In0.050Sn0.313,5.079794444444451
Ga0.198In0.163Sn0.639,5.765912222222238
Ga0.430In0.292Sn0.278,6.246041666666675
Ga0.398In0.353Sn0.249,6.325570555555565
Ga0.269In0.428Sn0.303,6.627824166666673
Ga0.435In0.203Sn0.362,5.895448611111121
Ga0.347In0.429Sn0.224,6.462169166666673
Ga0.487In0.118Sn0.395,5.3935291666666725
Ga0.312In0.635Sn0.053,5.3066727777777825
Ga0.318In0.469Sn0.213,6.423958611111117
Ga0.436In0.075Sn0.489,5.3439080555555565
Ga0.078In0.643Sn0.279,6.4505805555555575
Ga0.106In0.243Sn0.651,5.430566388888903
Ga0.136In0.123Sn0.741,4.951794444444453
Ga0.372In0.292Sn0.336,6.1992369444444515
Ga0.517In0.186Sn0.297,5.733839722222231
Ga0.306In0.376Sn0.318,6.395800833333342
Ga0.320In0.402Sn0.278,6.449334722222229
Ga0.457In0.082Sn0.461,5.262958333333335
Ga0.436In0.046Sn0.518,5.211267777777778
Ga0.031In0.348Sn0.621,5.854619444444456
Ga0.019In0.678Sn0.303,6.685475833333339
Ga0.316In0.225Sn0.459,5.917288611111118
Ga0.343In0.056Sn0.601,5.378519166666664
Ga0.128In0.427Sn0.445,6.492196111111114
Ga0.022In0.500Sn0.478,6.889616666666666
Ga0.276In0.355Sn0.369,6.340945277777787
Ga0.103In0.159Sn0.738,4.825011111111125
Ga0.366In0.349Sn0.285,6.400942777777787
Ga0.501In0.437Sn0.062,5.165127222222227
Ga0.511In0.037Sn0.452,5.057329722222225
Ga0.373In0.418Sn0.209,6.462644722222228
Ga0.319In0.327Sn0.354,6.128692500000009
Ga0.239In0.447Sn0.314,6.729792500000006
Ga0.389In0.313Sn0.298,6.294682222222231
Ga0.441In0.370Sn0.189,6.169350277777784
Ga0.379In0.201Sn0.420,5.969659166666675
Ga0.566In0.379Sn0.055,4.925451527777785
Ga0.435In0.372Sn0.193,6.301511111111118
Ga0.121In0.266Sn0.613,5.811687222222234
Ga0.603In0.281Sn0.116,5.428606111111117
Ga0.529In0.410Sn0.061,5.1089563888888945
Ga0.232In0.570Sn0.198,6.6054147222222275
Ga0.481In0.511Sn0.008,4.665157500000007
Ga0.361In0.526Sn0.113,6.021978055555561
Ga0.243In0.143Sn0.614,5.790282777777789
Ga0.432In0.252Sn0.316,6.026007777777788
Ga0.229In0.362Sn0.409,6.6463366666666746
Ga0.341In0.283Sn0.376,6.15338972222223
Ga0.670In0.187Sn0.143,5.647442222222233
Ga0.293In0.522Sn0.185,6.422182500000004
Ga0.148In0.382Sn0.470,6.462058055555561
Ga0.331In0.369Sn0.300,6.425713611111119
Ga0.108In0.715Sn0.177,5.985591944444446
Ga0.733In0.038Sn0.229,5.435236944444457
Ga0.164In0.487Sn0.349,6.773523333333336
Ga0.398In0.252Sn0.350,5.964624166666676
Ga0.174In0.394Sn0.432,6.621357777777783
Ga0.043In0.325Sn0.632,5.714555833333345
Ga0.303In0.691Sn0.006,4.824426527777783
Ga0.133In0.402Sn0.465,6.433201666666672
Ga0.416In0.048Sn0.536,5.228562222222221
Ga0.697In0.042Sn0.261,5.2019397222222326
Ga0.403In0.244Sn0.353,5.95095861111112
Ga0.246In0.306Sn0.448,6.382248333333341
Ga0.331In0.151Sn0.518,5.732232500000009
Ga0.191In0.403Sn0.406,6.7066569444444495
Ga0.258In0.315Sn0.427,6.4125072222222315
Ga0.403In0.067Sn0.530,5.341587222222222
Ga0.072In0.685Sn0.243,6.318367222222225
Ga0.303In0.420Sn0.277,6.455586944444449
Ga0.050In0.467Sn0.483,6.659602222222223
Ga0.394In0.250Sn0.356,5.992045277777787
Ga0.636In0.348Sn0.016,4.646348194444455
Ga0.343In0.192Sn0.465,5.908150833333342
Ga0.177In0.322Sn0.501,6.415595277777787
Ga0.385In0.373Sn0.242,6.386591388888896
Ga0.443In0.189Sn0.368,5.832200277777787
Ga0.458In0.130Sn0.412,5.482385833333336
Ga0.168In0.466Sn0.366,6.652531666666672
Ga0.679In0.282Sn0.039,4.886119305555567
Ga0.374In0.553Sn0.073,5.571829166666672
Ga0.488In0.328Sn0.184,5.996976388888896
Ga0.080In0.482Sn0.438,6.551817500000003
Ga0.034In0.504Sn0.462,6.838365277777776
Ga0.248In0.498Sn0.254,6.846722222222226
Ga0.204In0.595Sn0.201,6.519306388888894
Ga0.395In0.472Sn0.133,6.117082222222228
Ga0.403In0.162Sn0.435,5.697393333333342
Ga0.353In0.594Sn0.053,5.395291944444452
Ga0.174In0.209Sn0.617,5.970626111111125
Ga0.032In0.711Sn0.257,6.41438277777778
Ga0.138In0.515Sn0.347,6.731963333333336
Ga0.489In0.238Sn0.273,5.976978611111121
Ga0.560In0.403Sn0.037,4.775844861111119
Ga0.631In0.364Sn0.005,4.5350340277777885
Ga0.101In0.416Sn0.483,6.3788347222222255
Ga0.178In0.415Sn0.407,6.7098236111111165
Ga0.361In0.629Sn0.010,4.938288750000007
Ga0.379In0.213Sn0.408,5.991968055555563
Ga0.309In0.534Sn0.157,6.324440833333339
Ga0.316In0.418Sn0.266,6.470141666666675
Ga0.545In0.115Sn0.340,5.276980833333339
Ga0.248In0.163Sn0.589,5.911824444444458
Ga0.632In0.085Sn0.283,5.237613888888896
Ga0.053In0.254Sn0.693,5.22544944444446
Ga0.510In0.353Sn0.137,5.887342500000006
Ga0.408In0.088Sn0.504,5.363449166666668
Ga0.132In0.804Sn0.064,4.77226527777778
Ga0.240In0.067Sn0.693,5.252558333333331
Ga0.306In0.342Sn0.352,6.209710000000008
Ga0.224In0.291Sn0.485,6.396035277777786
Ga0.206In0.623Sn0.171,6.30467444444445
Ga0.426In0.199Sn0.375,5.932084722222231
Ga0.129In0.258Sn0.613,5.769850000000013
Ga0.275In0.343Sn0.382,6.288786666666676
Ga0.285In0.372Sn0.343,6.306468611111118
Ga0.452In0.409Sn0.139,6.07283833333334
Ga0.498In0.181Sn0.321,5.686522222222232
Ga0.350In0.183Sn0.467,5.892211666666674
Ga0.257In0.449Sn0.294,6.722945833333339
Ga0.562In0.354Sn0.084,5.188046666666674
Ga0.302In0.016Sn0.682,5.048350833333338
Ga0.214In0.478Sn0.308,6.762129166666672
Ga0.339In0.215Sn0.446,5.933216388888897
Ga0.031In0.420Sn0.549,6.328992777777781
Ga0.602In0.015Sn0.383,5.008655277777783
Ga0.082In0.435Sn0.483,6.3809713888888915
Ga0.261In0.343Sn0.396,6.393484722222231
Ga0.326In0.302Sn0.372,6.192755277777786
Ga0.053In0.346Sn0.601,5.893976944444455
Ga0.715In0.081Sn0.204,5.485395833333342
Ga0.233In0.349Sn0.418,6.563550833333342
Ga0.284In0.367Sn0.349,6.288843611111118
Ga0.068In0.386Sn0.546,6.152450277777784
Ga0.311In0.044Sn0.645,5.188716111111112
Ga0.536In0.170Sn0.294,5.644870277777787
Ga0.213In0.489Sn0.298,6.855914722222228
Ga0.511In0.021Sn0.468,5.025262500000005
Ga0.403In0.496Sn0.101,5.807201666666672
Ga0.218In0.420Sn0.362,6.622034722222229
Ga0.014In0.588Sn0.398,6.744719444444448
Ga0.350In0.303Sn0.347,6.187656388888897
Ga0.309In0.148Sn0.543,5.777691666666676
Ga0.127In0.475Sn0.398,6.663105000000003
Ga0.306In0.107Sn0.587,5.607840833333339
Ga0.104In0.485Sn0.411,6.665815277777781
Ga0.212In0.320Sn0.468,6.414803888888898
Ga0.244In0.239Sn0.517,6.212562222222231
Ga0.283In0.364Sn0.353,6.270160833333341
Ga0.199In0.298Sn0.503,6.386880277777786
Ga0.149In0.791Sn0.060,4.980323194444448
Ga0.675In0.115Sn0.210,5.528285277777789
Ga0.278In0.581Sn0.141,6.286917777777782
Ga0.521In0.012Sn0.467,4.982522222222225
Ga0.385In0.227Sn0.388,5.99640472222223
Ga0.892In0.099Sn0.009,5.2057688888889135
Ga0.272In0.401Sn0.327,6.534765833333341
Ga0.195In0.432Sn0.373,6.709078611111116
Ga0.281In0.404Sn0.315,6.525069166666674
Ga0.233In0.308Sn0.459,6.409267777777785
Ga0.074In0.727Sn0.199,6.108180833333333
Ga0.002In0.160Sn0.838,4.463822222222236
Ga0.225In0.077Sn0.698,5.247501111111112
Ga0.608In0.031Sn0.361,4.968470555555562
Ga0.429In0.369Sn0.202,6.314926944444452
Ga0.293In0.384Sn0.323,6.380962500000007
Ga0.404In0.171Sn0.425,5.74059222222223
Ga0.504In0.255Sn0.241,5.900472222222233
Ga0.485In0.429Sn0.086,5.371377222222227
Ga0.279In0.041Sn0.680,5.088285833333334
Ga0.164In0.508Sn0.328,6.86979777777778
Ga0.352In0.548Sn0.100,5.915976388888894
Ga0.306In0.023Sn0.671,5.123307222222226
Ga0.136In0.578Sn0.286,6.584382222222228
Ga0.943In0.015Sn0.042,5.4287683333333625
Ga0.554In0.109Sn0.337,5.243345277777783
Ga0.419In0.491Sn0.090,5.691911111111116
Ga0.507In0.210Sn0.283,5.83806861111112
Ga0.337In0.486Sn0.177,6.354827777777784
Ga0.563In0.386Sn0.051,4.903049027777785
Ga0.138In0.595Sn0.267,6.510232777777783
Ga0.452In0.381Sn0.167,6.052636388888897
Ga0.228In0.419Sn0.353,6.660825833333339
Ga0.360In0.324Sn0.316,6.293470555555565
Ga0.067In0.416Sn0.517,6.302425277777782
Ga0.188In0.217Sn0.595,6.089815277777792
Ga0.294In0.257Sn0.449,5.9900769444444535
Ga0.339In0.562Sn0.099,5.849163611111116
Ga0.037In0.899Sn0.064,4.567669305555556
Ga0.024In0.135Sn0.841,4.338076666666676
Ga0.287In0.393Sn0.320,6.407542500000007
Ga0.525In0.439Sn0.036,4.914584166666675
Ga0.693In0.189Sn0.118,5.514429166666678
Ga0.370In0.081Sn0.549,5.410882222222223
Ga0.029In0.404Sn0.567,6.231559444444447
Ga0.283In0.460Sn0.257,6.468157222222228
Ga0.548In0.376Sn0.076,5.228169444444449
Ga0.065In0.456Sn0.479,6.522668055555557
Ga0.302In0.353Sn0.345,6.220604444444453
Ga0.323In0.289Sn0.388,6.148981388888898
Ga0.505In0.360Sn0.135,5.88931333333334
Ga0.518In0.290Sn0.192,5.968261666666676
Ga0.375In0.374Sn0.251,6.3954691666666745
Ga0.063In0.401Sn0.536,6.301125833333336
Ga0.252In0.323Sn0.425,6.418468333333343
Ga0.615In0.033Sn0.352,4.993542777777785
Ga0.550In0.151Sn0.299,5.565845833333341
Ga0.363In0.361Sn0.276,6.448982500000008
Ga0.064In0.777Sn0.159,5.622927777777778
Ga0.364In0.138Sn0.498,5.641298611111116
Ga0.505In0.280Sn0.215,5.9532066666666745
Ga0.465In0.289Sn0.246,6.095161111111121
Ga0.046In0.657Sn0.297,6.666880000000005
Ga0.400In0.238Sn0.362,5.991039166666676
Ga0.476In0.126Sn0.398,5.488138611111116
Ga0.385In0.215Sn0.400,6.0356869444444525
Ga0.331In0.476Sn0.193,6.425477500000006
Ga0.311In0.651Sn0.038,5.148124027777784
Ga0.430In0.193Sn0.377,5.917659722222231
Ga0.363In0.368Sn0.269,6.419408888888897
Ga0.043In0.431Sn0.526,6.4532877777777795
Ga0.564In0.433Sn0.003,4.465929444444453
Ga0.143In0.444Sn0.413,6.622385555555559
Ga0.646In0.234Sn0.120,5.4404069444444545
Ga0.449In0.480Sn0.071,5.403935277777783
Ga0.455In0.404Sn0.141,6.098460000000006
Ga0.199In0.559Sn0.242,6.584791111111116
Ga0.578In0.400Sn0.022,4.557694027777785
Ga0.438In0.499Sn0.063,5.413618611111117
Ga0.315In0.426Sn0.259,6.455288888888896
Ga0.157In0.402Sn0.441,6.68784055555556
Ga0.424In0.032Sn0.544,5.212223888888891
Ga0.701In0.176Sn0.123,5.444965000000012
Ga0.025In0.537Sn0.438,6.793933333333334
Ga0.543In0.411Sn0.046,4.897883333333342
Ga0.394In0.302Sn0.304,6.300348888888899
Ga0.559In0.002Sn0.439,4.842441944444449
Ga0.731In0.070Sn0.199,5.5556525000000105
Ga0.572In0.156Sn0.272,5.492068055555566
Ga0.417In0.309Sn0.274,6.273530555555564
Ga0.457In0.409Sn0.134,5.9615666666666725
Ga0.243In0.311Sn0.446,6.421921111111119
Ga0.028In0.906Sn0.066,4.559228055555559
Ga0.041In0.473Sn0.486,6.716819166666667
Ga0.132In0.486Sn0.382,6.677647777777781
Ga0.231In0.397Sn0.372,6.62886472222223
Ga0.531In0.180Sn0.289,5.694782500000009
Ga0.146In0.021Sn0.833,4.588921388888887
Ga0.443In0.154Sn0.403,5.686826666666675
Ga0.267In0.138Sn0.595,5.745311388888901
Ga0.492In0.474Sn0.034,4.910162222222231
Ga0.132In0.534Sn0.334,6.6559661111111135
Ga0.313In0.320Sn0.367,6.192044166666676
Ga0.144In0.202Sn0.654,5.581826944444461
Ga0.048In0.471Sn0.481,6.679340555555557
Ga0.081In0.875Sn0.044,4.387093472222223
Ga0.786In0.205Sn0.009,5.197279305555572
Ga0.523In0.431Sn0.046,4.996021111111119
Ga0.053In0.553Sn0.394,6.7228519444444474
Ga0.378In0.295Sn0.327,6.23167111111112
Ga0.316In0.376Sn0.308,6.414840277777786
Ga0.002In0.007Sn0.991,3.7302606944444445
Ga0.184In0.487Sn0.329,6.882292500000003
Ga0.307In0.201Sn0.492,5.907405000000008
Ga0.038In0.102Sn0.860,4.084845833333335
Ga0.467In0.056Sn0.477,5.15166388888889
Ga0.341In0.421Sn0.238,6.423008055555561
Ga0.225In0.418Sn0.357,6.646009166666673
Ga0.492In0.402Sn0.106,5.690028888888894
Ga0.055In0.461Sn0.484,6.679756388888891
Ga0.282In0.333Sn0.385,6.199583055555565
Ga0.182In0.232Sn0.586,6.127279722222234
Ga0.358In0.585Sn0.057,5.452206805555562
Ga0.456In0.399Sn0.145,6.1084211111111175
Ga0.049In0.245Sn0.706,5.142027500000015
Ga0.279In0.294Sn0.427,6.270490277777785
Ga0.345In0.401Sn0.254,6.4541241666666735
Ga0.119In0.122Sn0.759,4.803835555555563
Ga0.197In0.368Sn0.435,6.567861111111118
Ga0.051In0.599Sn0.350,6.633929166666672
Ga0.119In0.170Sn0.711,5.19019083333335
Ga0.342In0.225Sn0.433,5.947080277777785
Ga0.418In0.457Sn0.125,5.989891388888894
Ga0.057In0.513Sn0.430,6.833863333333333
Ga0.350In0.338Sn0.312,6.300801666666677
Ga0.017In0.481Sn0.502,6.816818888888889
Ga0.492In0.122Sn0.386,5.387775555555562
Ga0.200In0.454Sn0.346,6.6369875000000045
Ga0.294In0.608Sn0.098,5.794965000000004
Ga0.504In0.459Sn0.037,4.89576222222223
Ga0.728In0.081Sn0.191,5.572694444444454
Ga0.001In0.303Sn0.696,5.435169722222237
Ga0.369Sn0.631,5.183083333333333
Ga0.434In0.396Sn0.170,6.173470277777784
Ga0.496In0.199Sn0.305,5.841469722222232
Ga0.210In0.485Sn0.305,6.819067500000004
Ga0.149In0.529Sn0.322,6.78412777777778
Ga0.426In0.359Sn0.215,6.309341388888896
Ga0.489In0.476Sn0.035,4.948775000000008
Ga0.282In0.446Sn0.272,6.487348888888894
Ga0.377In0.227Sn0.396,6.011571388888896
Ga0.443In0.551Sn0.006,4.6912426388888955
Ga0.241In0.399Sn0.360,6.603161388888896
Ga0.328In0.190Sn0.482,5.862511388888898
Ga0.315In0.418Sn0.267,6.45955833333334
Ga0.442In0.174Sn0.384,5.739296666666676
Ga0.465In0.220Sn0.315,5.904367222222231
Ga0.015In0.282Sn0.703,5.343192500000015
Ga0.184In0.391Sn0.425,6.66174583333334
Ga0.215In0.424Sn0.361,6.633516944444452
Ga0.215In0.095Sn0.690,5.327094444444451
Ga0.304In0.463Sn0.233,6.469688055555562
Ga0.329In0.463Sn0.208,6.43269194444445
Ga0.422In0.123Sn0.455,5.466881388888894
Ga0.187In0.323Sn0.490,6.421448055555564
Ga0.331In0.578Sn0.091,5.738615555555561
Ga0.210In0.425Sn0.365,6.621818055555561
Ga0.419In0.531Sn0.050,5.25270208333334
Ga0.250In0.186Sn0.564,6.076200555555568
Ga0.281In0.172Sn0.547,5.8287761111111225
Ga0.341In0.388Sn0.271,6.442853888888897
Ga0.250In0.216Sn0.534,6.125868055555566
Ga0.015In0.396Sn0.589,6.121144166666671
Ga0.524In0.091Sn0.385,5.244100000000003
Ga0.720In0.071Sn0.209,5.548976666666675
Ga0.316In0.443Sn0.241,6.471579166666673
Ga0.687In0.122Sn0.191,5.478215277777788
Ga0.561In0.008Sn0.431,4.871843333333337
Ga0.338In0.298Sn0.364,6.181317500000008
Ga0.330In0.322Sn0.348,6.156903055555565
Ga0.444In0.248Sn0.308,5.999943888888899
Ga0.708In0.060Sn0.232,5.400133888888899
Ga0.674In0.267Sn0.059,4.956878333333347
Ga0.286In0.439Sn0.275,6.481609166666671
Ga0.481In0.494Sn0.025,4.846466388888899
Ga0.301In0.643Sn0.056,5.3534447222222274
Ga0.436In0.464Sn0.100,5.7722013888888934
Ga0.449In0.322Sn0.229,6.154175555555565
Ga0.140In0.567Sn0.293,6.67232944444445
Ga0.257In0.339Sn0.404,6.445907777777786
Ga0.031In0.702Sn0.267,6.49774527777778
Ga0.205In0.436Sn0.359,6.627258611111118
Ga0.517In0.356Sn0.127,5.794671111111117
Ga0.249In0.405Sn0.346,6.6202219444444514
Ga0.389In0.508Sn0.103,5.87112055555556
Ga0.375In0.320Sn0.305,6.308107222222231
Ga0.341In0.356Sn0.303,6.429708611111119
Ga0.134In0.332Sn0.534,6.187062222222232
Ga0.144In0.434Sn0.422,6.621647222222226
Ga0.316In0.368Sn0.316,6.376560277777786
Ga0.339In0.225Sn0.436,5.946663611111119
Ga0.303In0.560Sn0.137,6.250498611111118
Ga0.423In0.070Sn0.507,5.328791388888891
Ga0.448In0.142Sn0.410,5.577208888888894
Ga0.298In0.231Sn0.471,5.858961944444452
Ga0.226In0.315Sn0.459,6.4284388888888975
Ga0.086In0.842Sn0.072,4.689021388888893
Ga0.519In0.147Sn0.334,5.48511944444445
Ga0.095In0.160Sn0.745,4.834999444444459
Ga0.251In0.325Sn0.424,6.417690555555565
Ga0.195In0.530Sn0.275,6.744203611111114
Ga0.259In0.513Sn0.228,6.769472222222226
Ga0.273In0.421Sn0.306,6.606410277777784
Ga0.297In0.247Sn0.456,5.954264722222231
Ga0.259In0.192Sn0.549,6.067038611111123
Ga0.226In0.437Sn0.337,6.695213611111117
Ga0.292In0.463Sn0.245,6.470098611111117
Ga0.031In0.313Sn0.656,5.566090277777792
Ga0.033In0.918Sn0.049,4.310552222222225
Ga0.104In0.720Sn0.176,5.9571369444444455
Ga0.295In0.081Sn0.624,5.326165000000001
Ga0.635In0.128Sn0.237,5.424926944444454
Ga0.127In0.376Sn0.497,6.320721666666673
Ga0.012In0.431Sn0.557,6.39997388888889
Ga0.412In0.533Sn0.055,5.313883611111118
Ga0.391In0.180Sn0.429,5.874253333333342
Ga0.414In0.349Sn0.237,6.262389444444453
Ga0.024In0.172Sn0.804,4.611365277777792
Ga0.159In0.790Sn0.051,4.906291666666672
Ga0.157In0.478Sn0.365,6.71557055555556
Ga0.194In0.438Sn0.368,6.64413194444445
Ga0.197In0.428Sn0.375,6.6801202777777835
Ga0.311In0.477Sn0.212,6.506741388888894
Ga0.244In0.212Sn0.544,6.171590277777788
Ga0.079In0.815Sn0.106,4.958621666666671
Ga0.150In0.842Sn0.008,4.426791805555558
Ga0.332In0.343Sn0.325,6.270061944444455
Ga0.538In0.245Sn0.217,5.834939722222231
Ga0.363In0.163Sn0.474,5.722813888888897
Ga0.416In0.106Sn0.478,5.435894166666674
Ga0.256In0.635Sn0.109,5.980797500000005
Ga0.128In0.090Sn0.782,4.662708611111112
Ga0.409In0.289Sn0.302,6.199725555555566
Ga0.602In0.302Sn0.096,5.318091666666674
Ga0.330In0.301Sn0.369,6.170539166666676
Ga0.218In0.227Sn0.555,6.178462500000009
Ga0.349In0.261Sn0.390,6.089789722222231
Ga0.111In0.315Sn0.574,5.950142222222231
Ga0.503In0.265Sn0.232,5.929161666666676
Ga0.180In0.303Sn0.517,6.3348844444444525
Ga0.505In0.054Sn0.441,5.103497222222223
Ga0.162In0.430Sn0.408,6.728048333333337
Ga0.277In0.348Sn0.375,6.323600000000009
Ga0.285In0.491Sn0.224,6.586578611111114
Ga0.413In0.180Sn0.407,5.88024611111112
Ga0.149In0.358Sn0.493,6.457662222222229
Ga0.299In0.180Sn0.521,5.851895277777789
Ga0.385In0.171Sn0.444,5.798999444444453
Ga0.122In0.380Sn0.498,6.376337222222227
Ga0.166In0.354Sn0.480,6.518713333333341
Ga0.621In0.104Sn0.275,5.292167777777788
Ga0.225In0.288Sn0.487,6.37855861111112
Ga0.266In0.352Sn0.382,6.375806944444453
Ga0.350In0.369Sn0.281,6.448496944444452
Ga0.406In0.224Sn0.370,5.93706972222223
Ga0.764In0.218Sn0.018,5.120331805555571
Ga0.279In0.466Sn0.255,6.527928888888893
Ga0.016In0.555Sn0.429,6.784741666666669
Ga0.412In0.086Sn0.502,5.351592500000001
Ga0.524In0.225Sn0.251,5.785805277777786
Ga0.125In0.286Sn0.589,5.981482777777788
Ga0.429In0.080Sn0.491,5.338749444444445
Ga0.260In0.631Sn0.109,5.970033611111116
Ga0.410In0.390Sn0.200,6.318194166666674
Ga0.246In0.696Sn0.058,5.470525972222228
Ga0.258In0.518Sn0.224,6.733081944444449
Ga0.333In0.374Sn0.293,6.447149166666674
Ga0.354In0.314Sn0.332,6.251873055555564
Ga0.383In0.120Sn0.497,5.5314044444444495
Ga0.181In0.515Sn0.304,6.85508638888889
Ga0.363In0.600Sn0.037,5.237480972222229
Ga0.108In0.415Sn0.477,6.374010277777781
Ga0.214In0.378Sn0.408,6.599818888888896
Ga0.415In0.310Sn0.275,6.253697222222232
Ga0.472In0.259Sn0.269,5.9476577777777875
Ga0.382In0.415Sn0.203,6.41255722222223
Ga0.407In0.163Sn0.430,5.707073333333342
Ga0.207In0.045Sn0.748,5.011292499999996
Ga0.413In0.387Sn0.200,6.355995833333341
Ga0.256In0.333Sn0.411,6.44706611111112
Ga0.270In0.643Sn0.087,5.61468805555556
Ga0.347In0.399Sn0.254,6.4875880555555625
Ga0.279In0.399Sn0.322,6.503468611111117
Ga0.503In0.166Sn0.331,5.565111388888898
Ga0.056In0.291Sn0.653,5.56911805555557
Ga0.395In0.451Sn0.154,6.26020333333334
Ga0.282In0.579Sn0.139,6.273518333333338
Ga0.411In0.265Sn0.324,6.086848888888898
Ga0.073In0.480Sn0.447,6.598599166666668
Ga0.220In0.399Sn0.381,6.620901388888897
Ga0.592In0.317Sn0.091,5.225735000000007
Ga0.127In0.442Sn0.431,6.5661383333333365
Ga0.643In0.082Sn0.275,5.230895555555563
Ga0.384In0.488Sn0.128,6.134059166666671
Ga0.428In0.249Sn0.323,6.0026994444444535
Ga0.140In0.228Sn0.632,5.730774444444458
Ga0.049In0.396Sn0.555,6.171111666666671
Ga0.468In0.492Sn0.040,5.0551473611111195
Ga0.438In0.553Sn0.009,4.745980972222228
Ga0.259In0.190Sn0.551,6.092265277777789
Ga0.450In0.498Sn0.052,5.196378194444453
Ga0.353In0.454Sn0.193,6.370291388888896
Ga0.270In0.413Sn0.317,6.527479722222229
Ga0.431In0.308Sn0.261,6.23136250000001
Ga0.322In0.576Sn0.102,5.845096388888894
Ga0.178In0.760Sn0.062,5.3260390277777825
Ga0.537In0.185Sn0.278,5.746783611111121
Ga0.206In0.261Sn0.533,6.246066944444455
Ga0.063In0.564Sn0.373,6.627980277777781
Ga0.126In0.358Sn0.516,6.315684722222229
Ga0.431In0.421Sn0.148,6.174371111111117
Ga0.564In0.023Sn0.413,5.02999916666667
Ga0.595In0.387Sn0.018,4.582744305555565
Ga0.429In0.167Sn0.404,5.804524444444453
Ga0.588In0.258Sn0.154,5.688048055555565
Ga0.329In0.335Sn0.336,6.188450277777786
Ga0.109In0.037Sn0.854,4.19451861111111
Ga0.427In0.572Sn0.001,4.73903569444445
Ga0.477In0.497Sn0.026,4.86911861111112
Ga0.059In0.581Sn0.360,6.630395833333338
Ga0.143In0.373Sn0.484,6.388087777777785
Ga0.157In0.598Sn0.245,6.507811388888893
Ga0.523In0.355Sn0.122,5.732028333333339
Ga0.079In0.207Sn0.714,4.995185000000013
Ga0.419In0.355Sn0.226,6.303896388888897
Ga0.371In0.289Sn0.340,6.152631388888897
Ga0.447In0.103Sn0.450,5.394411944444451
Ga0.433In0.194Sn0.373,5.9146930555555635
Ga0.302In0.004Sn0.694,5.03631166666667
Ga0.407In0.263Sn0.330,6.042009166666676
Ga0.361In0.307Sn0.332,6.232297500000008
Ga0.714In0.070Sn0.216,5.433687777777787
Ga0.326In0.341Sn0.333,6.22812750000001
Ga0.428In0.015Sn0.557,5.28478888888889
Ga0.142In0.380Sn0.478,6.401429722222229
Ga0.404In0.475Sn0.121,5.984681388888895
Ga0.634In0.198Sn0.168,5.620004722222232
Ga0.341In0.190Sn0.469,5.883573055555564
Ga0.335In0.326Sn0.339,6.165720277777787
Ga0.355In0.437Sn0.208,6.476769722222229
Ga0.352In0.189Sn0.459,5.929610277777786
Ga0.550In0.067Sn0.383,5.158135555555556
Ga0.640In0.036Sn0.324,5.012902777777786
Ga0.218In0.403Sn0.379,6.638692500000007
Ga0.489In0.005Sn0.506,4.996191388888892
Ga0.137In0.680Sn0.183,6.129333888888891
Ga0.460In0.132Sn0.408,5.484432500000003
Ga0.470In0.008Sn0.522,5.111563055555557
Ga0.092In0.462Sn0.446,6.5475769444444465
Ga0.328In0.638Sn0.034,5.109003750000007
Ga0.632In0.138Sn0.230,5.53019500000001
Ga0.617In0.195Sn0.188,5.6600244444444545
Ga0.292In0.357Sn0.351,6.274549722222229
Ga0.498In0.196Sn0.306,5.813086388888899
Ga0.279In0.434Sn0.287,6.573687500000004
Ga0.249In0.596Sn0.155,6.505170555555561
Ga0.388In0.213Sn0.399,6.023256388888897
Ga0.658In0.288Sn0.054,4.9371870833333436
Ga0.318In0.311Sn0.371,6.212733055555565
Ga0.176In0.601Sn0.223,6.484468888888892
Ga0.277In0.393Sn0.330,6.469263055555563
Ga0.463In0.249Sn0.288,5.996298888888897
Ga0.411In0.093Sn0.496,5.3677863888888915
Ga0.416In0.104Sn0.480,5.432738611111118
Ga0.199In0.514Sn0.287,6.824397500000002
Ga0.063In0.585Sn0.352,6.5806880555555605
Ga0.285In0.445Sn0.270,6.488057777777783
Ga0.561In0.108Sn0.331,5.236525277777784
Ga0.207In0.082Sn0.711,5.228300000000002
Ga0.540In0.323Sn0.137,5.77157833333334
Ga0.606In0.004Sn0.390,4.924958888888894
Ga0.621In0.341Sn0.038,4.712115416666677
Ga0.358In0.086Sn0.556,5.470220000000001
Ga0.510In0.347Sn0.143,5.894350277777784
Ga0.177In0.551Sn0.272,6.669710555555559
Ga0.343In0.488Sn0.169,6.359071666666671
Ga0.202In0.400Sn0.398,6.691973611111117
Ga0.498In0.414Sn0.088,5.335703611111117
Ga0.300In0.636Sn0.064,5.4472880555555605
Ga0.247In0.159Sn0.594,5.862437777777793
Ga0.264In0.288Sn0.448,6.2610166666666744
Ga0.462In0.166Sn0.372,5.706395555555564
Ga0.333In0.292Sn0.375,6.19806472222223
Ga0.158In0.355Sn0.487,6.542783333333341
Ga0.121In0.500Sn0.379,6.7778227777777795
Ga0.374In0.049Sn0.577,5.293734722222219
Ga0.432In0.022Sn0.546,5.254468333333335
Ga0.082In0.127Sn0.791,4.368126111111119
Ga0.087In0.467Sn0.446,6.551649166666668
Ga0.347In0.430Sn0.223,6.477685833333339
Ga0.534In0.185Sn0.281,5.750339166666676
Ga0.502In0.178Sn0.320,5.612685000000011
Ga0.485In0.262Sn0.253,5.912926388888898
Ga0.090In0.525Sn0.385,6.649995555555558
Ga0.111In0.528Sn0.361,6.616602222222226
Ga0.286In0.380Sn0.334,6.354095277777784
Ga0.425In0.392Sn0.183,6.242714722222229
Ga0.541In0.401Sn0.058,5.041580833333339
Ga0.484In0.427Sn0.089,5.415553888888894
Ga0.471In0.513Sn0.016,4.7818475000000085
Ga0.533In0.267Sn0.200,5.916725833333343
Ga0.127In0.148Sn0.725,5.053205833333347
Ga0.522In0.253Sn0.225,5.8263975000000086
Ga0.419In0.308Sn0.273,6.266029166666676
Ga0.413In0.360Sn0.227,6.316161944444453
Ga0.221In0.506Sn0.273,6.809666111111113
Ga0.241In0.379Sn0.380,6.5634161111111196
Ga0.224In0.316Sn0.460,6.414697222222231
Ga0.193In0.282Sn0.525,6.382259444444453
Ga0.542In0.182Sn0.276,5.723470277777787
Ga0.520In0.461Sn0.019,4.719591944444453
Ga0.105In0.438Sn0.457,6.427060833333336
Ga0.201In0.361Sn0.438,6.579038888888897
Ga0.433In0.411Sn0.156,6.207762777777785
Ga0.396In0.283Sn0.321,6.18228111111112
Ga0.496In0.360Sn0.144,5.997486666666672
Ga0.657In0.063Sn0.280,5.2454052777777855
Ga0.243In0.310Sn0.447,6.421921111111119
Ga0.469In0.210Sn0.321,5.825526111111119
Ga0.434In0.409Sn0.157,6.182846111111118
Ga0.283In0.324Sn0.393,6.21503861111112
Ga0.087In0.461Sn0.452,6.5213236111111135
Ga0.022In0.372Sn0.606,5.984278611111121
Ga0.321In0.212Sn0.467,5.9020697222222305
Ga0.456In0.368Sn0.176,6.061998055555564
Ga0.564In0.314Sn0.122,5.527399722222228
Ga0.258In0.448Sn0.294,6.722945833333339
Ga0.122In0.660Sn0.218,6.227240833333334
Ga0.027In0.501Sn0.472,6.891711111111111
Ga0.264In0.525Sn0.211,6.643924166666672
Ga0.356In0.312Sn0.332,6.244430833333341
Ga0.290In0.481Sn0.229,6.534845833333337
Ga0.356In0.200Sn0.444,5.973078611111119
Ga0.402In0.419Sn0.179,6.193027222222228
Ga0.339In0.011Sn0.650,5.196096111111113
Ga0.036In0.378Sn0.586,6.0441788888888945
Ga0.401In0.263Sn0.336,6.003095833333342
Ga0.362In0.259Sn0.379,6.066275277777787
Ga0.417In0.527Sn0.056,5.3184444444444505
Ga0.275In0.688Sn0.037,5.148064861111116
Ga0.080In0.328Sn0.592,5.744371666666677
Ga0.088In0.804Sn0.108,5.0549722222222275
Ga0.760In0.178Sn0.062,5.358498611111124
Ga0.095In0.193Sn0.712,5.116291111111126
Ga0.513In0.486Sn0.001,4.604089166666674
Ga0.563In0.297Sn0.140,5.725245000000006
Ga0.837In0.037Sn0.126,5.785258333333351
Ga0.503In0.428Sn0.069,5.251048333333337
Ga0.222In0.340Sn0.438,6.465710000000009
Ga0.540In0.173Sn0.287,5.666001944444454
Ga0.486In0.258Sn0.256,5.893001944444454
Ga0.517In0.072Sn0.411,5.222387500000001
Ga0.247In0.481Sn0.272,6.781086666666672
Ga0.628In0.307Sn0.065,5.046355277777787
Ga0.542In0.183Sn0.275,5.722303611111121
Ga0.231In0.125Sn0.644,5.58909722222223
Ga0.413In0.106Sn0.481,5.401232500000006
Ga0.722In0.259Sn0.019,4.808899027777793
Ga0.445In0.500Sn0.055,5.246611944444451
Ga0.545In0.204Sn0.251,5.749941944444455
Ga0.232In0.571Sn0.197,6.606595000000004
Ga0.376In0.199Sn0.425,5.922492500000008
Ga0.263In0.072Sn0.665,5.287643055555557
Ga0.505In0.491Sn0.004,4.61652472222223
Ga0.398In0.449Sn0.153,6.228766111111119
Ga0.517In0.413Sn0.070,5.2476902777777825
Ga0.723In0.104Sn0.173,5.575711944444456
Ga0.332In0.312Sn0.356,6.1421736111111205
Ga0.473In0.329Sn0.198,6.054890000000008
Ga0.268In0.319Sn0.413,6.322013888888898
Ga0.033In0.290Sn0.677,5.429625000000016
Ga0.137In0.428Sn0.435,6.572983333333338
Ga0.162In0.517Sn0.321,6.835395000000002
Ga0.594In0.074Sn0.332,5.144779722222227
Ga0.380In0.258Sn0.362,6.020614166666676
Ga0.053In0.418Sn0.529,6.382677222222225
Ga0.237In0.595Sn0.168,6.441017222222227
Ga0.504In0.309Sn0.187,5.944854166666674
Ga0.393In0.496Sn0.111,5.984820000000005
Ga0.414In0.262Sn0.324,6.043053888888899
Ga0.197In0.471Sn0.332,6.734923611111116
Ga0.326In0.330Sn0.344,6.1414002777777865
Ga0.195In0.441Sn0.364,6.6534597222222285
Ga0.235In0.135Sn0.630,5.706730277777789
Ga0.175In0.428Sn0.397,6.655126666666671
Ga0.064In0.451Sn0.485,6.5290805555555576
Ga0.452In0.084Sn0.464,5.288943333333336
Ga0.672In0.136Sn0.192,5.560428055555566
Ga0.041In0.420Sn0.539,6.364243611111114
Ga0.295In0.459Sn0.246,6.449384166666673
Ga0.312In0.650Sn0.038,5.149432361111117
Ga0.316In0.342Sn0.342,6.186805000000008
Ga0.303In0.476Sn0.221,6.496013055555561
Ga0.300In0.436Sn0.264,6.4516022222222285
Ga0.295In0.703Sn0.002,4.798418750000004
Ga0.648In0.312Sn0.040,4.855391250000012
Ga0.225In0.077Sn0.698,5.247501111111112
Ga0.009In0.569Sn0.422,6.793956111111113
Ga0.223In0.498Sn0.279,6.8320797222222245
Ga0.322In0.237Sn0.441,6.022315833333342
Ga0.450In0.158Sn0.392,5.65097111111112
Ga0.050In0.594Sn0.356,6.63809694444445
Ga0.254In0.419Sn0.327,6.660696388888895
Ga0.289In0.399Sn0.312,6.4839369444444515
Ga0.023In0.488Sn0.489,6.875968888888889
Ga0.324In0.266Sn0.410,6.1173158333333415
Ga0.284In0.477Sn0.239,6.517012500000004
Ga0.401In0.070Sn0.529,5.3363130555555545
Ga0.114In0.649Sn0.237,6.2361102777777795
Ga0.300In0.537Sn0.163,6.343460277777784
Ga0.150In0.161Sn0.689,5.346635833333352
Ga0.266In0.328Sn0.406,6.331941666666675
Ga0.094In0.354Sn0.552,6.1204875000000065
Ga0.359In0.284Sn0.357,6.13306861111112
Ga0.171In0.341Sn0.488,6.449337777777786
Ga0.158In0.432Sn0.410,6.738695555555559
Ga0.534In0.159Sn0.307,5.5831452777777875
Ga0.467In0.194Sn0.339,5.769380833333341
Ga0.312In0.255Sn0.433,6.062879166666677
Ga0.080In0.380Sn0.540,6.083230833333339
Ga0.474In0.389Sn0.137,5.99568194444445
Ga0.358In0.464Sn0.178,6.296933888888896
Ga0.257In0.683Sn0.060,5.547144027777783
Ga0.036In0.304Sn0.660,5.538760833333348
Ga0.431In0.352Sn0.217,6.294285000000008
Ga0.367In0.263Sn0.370,6.069763611111121
Ga0.574In0.184Sn0.242,5.670782777777789
Ga0.498In0.434Sn0.068,5.280434444444449
Ga0.310In0.311Sn0.379,6.233458055555564
Ga0.372In0.361Sn0.267,6.422462222222231
Ga0.472In0.216Sn0.312,5.8841727777777875
Ga0.343In0.385Sn0.272,6.447526666666675
Ga0.249In0.332Sn0.419,6.458602222222231
Ga0.155In0.577Sn0.268,6.608941388888892
Ga0.238In0.491Sn0.271,6.804958333333336
Ga0.446In0.521Sn0.033,4.958000416666676
Ga0.333In0.429Sn0.238,6.433563611111117
Ga0.208In0.289Sn0.503,6.330602500000009
Ga0.353In0.424Sn0.223,6.450196944444451
Ga0.034In0.481Sn0.485,6.777233333333334
Ga0.252In0.679Sn0.069,5.606218055555561
Ga0.387In0.393Sn0.220,6.394191944444451
Ga0.521In0.150Sn0.329,5.502924166666675
Ga0.597In0.084Sn0.319,5.1636552777777815
Ga0.292In0.349Sn0.359,6.185856111111121
Ga0.778In0.110Sn0.112,5.750662222222235
Ga0.330In0.309Sn0.361,6.1740658333333425
Ga0.215In0.393Sn0.392,6.617251388888897
Ga0.158In0.211Sn0.631,5.888320555555571
Ga0.605In0.381Sn0.014,4.599420694444453
Ga0.435In0.151Sn0.414,5.702412777777786
Ga0.177In0.360Sn0.463,6.5753344444444535
Ga0.101In0.247Sn0.652,5.454911944444458
Ga0.276In0.415Sn0.309,6.553313055555562
Ga0.489In0.261Sn0.250,5.921973888888899
Ga0.168In0.292Sn0.540,6.323464444444453
Ga0.359In0.304Sn0.337,6.19363083333334
Ga0.551In0.271Sn0.178,5.770089166666674
Ga0.454In0.348Sn0.198,6.149421111111119
Ga0.514In0.251Sn0.235,5.866167777777788
Ga0.482In0.509Sn0.009,4.69097583333334
Ga0.088In0.166Sn0.746,4.861746666666681
Ga0.071In0.492Sn0.437,6.680991944444447
Ga0.068In0.781Sn0.151,5.566873611111111
Ga0.051In0.134Sn0.815,4.427127222222233
Ga0.375In0.392Sn0.233,6.449094722222229
Ga0.170In0.417Sn0.413,6.698260000000005
Ga0.595In0.064Sn0.341,5.088508055555559
Ga0.373In0.320Sn0.307,6.308773888888898
Ga0.389In0.200Sn0.411,5.986334722222231
Ga0.460In0.341Sn0.199,6.106703333333343
Ga0.194In0.044Sn0.762,4.986858055555554
Ga0.472In0.162Sn0.366,5.633201666666675
Ga0.173In0.805Sn0.022,4.721455277777781
Ga0.282In0.623Sn0.095,5.7133486111111145
Ga0.339In0.226Sn0.435,5.955480277777785
Ga0.642In0.001Sn0.357,4.902267500000007
Ga0.485In0.092Sn0.423,5.236375555555558
Ga0.369In0.014Sn0.617,5.255333055555558
Ga0.152In0.742Sn0.106,5.5206975000000025
Ga0.142In0.025Sn0.833,4.5479569444444445
Ga0.569In0.321Sn0.110,5.444363611111118
Ga0.186In0.381Sn0.433,6.605682222222229
Ga0.292In0.084Sn0.624,5.323857222222224
Ga0.021In0.558Sn0.421,6.741697222222225
Ga0.362In0.352Sn0.286,6.44318722222223
Ga0.170In0.376Sn0.454,6.530520277777785
Ga0.170In0.215Sn0.615,5.944128333333348
Ga0.283In0.498Sn0.219,6.592562777777781
Ga0.201In0.102Sn0.697,5.328854444444453
Ga0.094In0.491Sn0.415,6.691591944444448
Ga0.702In0.117Sn0.181,5.438966666666677
Ga0.229In0.446Sn0.325,6.738745833333339
Ga0.496In0.031Sn0.473,5.013796944444448
Ga0.309In0.285Sn0.406,6.233181388888897
Ga0.448In0.472Sn0.080,5.433820277777782
Ga0.092In0.082Sn0.826,4.2431336111111095
Ga0.068In0.467Sn0.465,6.564226388888891
Ga0.091In0.481Sn0.428,6.650281388888891
Ga0.487In0.220Sn0.293,5.90764611111112
Ga0.469In0.100Sn0.431,5.326856111111117
Ga0.160In0.238Sn0.602,6.073204444444458
Ga0.234In0.487Sn0.279,6.815573611111114
Ga0.529In0.469Sn0.002,4.534892777777786
Ga0.245In0.289Sn0.466,6.344811111111119
Ga0.632In0.328Sn0.040,4.829781250000011
Ga0.336In0.328Sn0.336,6.180845277777786
Ga0.515In0.075Sn0.410,5.230872500000001
Ga0.497In0.222Sn0.281,5.8812291666666745
Ga0.291In0.310Sn0.399,6.2313252777777866
Ga0.173In0.147Sn0.680,5.440446944444459
Ga0.308In0.383Sn0.309,6.472964166666674
Ga0.123In0.547Sn0.330,6.683543333333336
Ga0.399In0.209Sn0.392,5.949855277777786
Ga0.550In0.077Sn0.373,5.218966944444447
Ga0.056In0.190Sn0.754,4.894503888888901
Ga0.130In0.468Sn0.402,6.611157222222225
Ga0.055In0.879Sn0.066,4.647580833333334
Ga0.361In0.485Sn0.154,6.411305555555561
Ga0.363In0.309Sn0.328,6.253990000000009
Ga0.379In0.197Sn0.424,5.922492500000008
Ga0.242In0.502Sn0.256,6.805330000000003
Ga0.480In0.199Sn0.321,5.824868888888898
Ga0.359In0.286Sn0.355,6.124734166666675
Ga0.325In0.370Sn0.305,6.392226944444452
Ga0.082In0.518Sn0.400,6.60492888888889
Ga0.141In0.016Sn0.843,4.543452222222224
Ga0.254In0.273Sn0.473,6.279070555555563
Ga0.014In0.406Sn0.580,6.226663611111114
Ga0.023In0.698Sn0.279,6.555923055555559
Ga0.004In0.522Sn0.474,6.912874444444443
Ga0.321In0.418Sn0.261,6.4546472222222295
Ga0.422In0.022Sn0.556,5.308836111111113
Ga0.118In0.453Sn0.429,6.563916111111113
Ga0.281In0.281Sn0.438,6.162918055555562
Ga0.387In0.339Sn0.274,6.295004444444453
Ga0.240In0.429Sn0.331,6.7042652777777825
Ga0.351In0.440Sn0.209,6.493136388888896
Ga0.831In0.104Sn0.065,5.608010000000018
Ga0.190In0.458Sn0.352,6.667720833333339
Ga0.369In0.424Sn0.207,6.438738611111117
Ga0.284In0.283Sn0.433,6.171686388888896
Ga0.414In0.505Sn0.081,5.542586944444449
Ga0.468In0.331Sn0.201,6.091945555555564
Ga0.404In0.461Sn0.135,6.0704111111111185
Ga0.403In0.179Sn0.418,5.816286666666675
Ga0.048In0.906Sn0.046,4.396479722222224
Ga0.429In0.129Sn0.442,5.523522500000005
Ga0.315In0.363Sn0.322,6.307632500000009
Ga0.632In0.308Sn0.060,4.969330277777788
Ga0.437In0.293Sn0.270,6.163001388888898
Ga0.411In0.181Sn0.408,5.879406666666674
Ga0.518In0.123Sn0.359,5.319488611111118
Ga0.409In0.121Sn0.470,5.443453055555562
Ga0.244In0.298Sn0.458,6.391695555555563
Ga0.616In0.231Sn0.153,5.659029166666676
Ga0.590In0.100Sn0.310,5.290544722222229
Ga0.349In0.350Sn0.301,6.413463333333342
Ga0.296In0.359Sn0.345,6.278841388888896
Ga0.272In0.198Sn0.530,6.058649166666677
Ga0.361In0.359Sn0.280,6.446127500000008
Ga0.356In0.366Sn0.278,6.445565833333341
Ga0.252In0.218Sn0.530,6.169214444444454
Ga0.488In0.197Sn0.315,5.853466388888899
Ga0.263In0.448Sn0.289,6.652684722222228
Ga0.483In0.390Sn0.127,5.882200555555562
Ga0.469In0.313Sn0.218,6.068717777777786
Ga0.500In0.444Sn0.056,5.111222638888895
Ga0.310In0.319Sn0.371,6.2466380555555645
Ga0.470In0.247Sn0.283,5.947430000000009
Ga0.119In0.440Sn0.441,6.585908333333336
Ga0.187In0.760Sn0.053,5.215560972222226
Ga0.494In0.049Sn0.457,5.039942222222223
Ga0.356In0.537Sn0.107,5.979446666666672
Ga0.766In0.135Sn0.099,5.68705277777779
Ga0.330In0.307Sn0.363,6.169705833333342
Ga0.112In0.688Sn0.200,6.1596519444444455
Ga0.382In0.330Sn0.288,6.3320122222222315
Ga0.643In0.030Sn0.327,5.0001533333333406
Ga0.366In0.238Sn0.396,6.086282500000008
Ga0.188In0.412Sn0.400,6.70304583333334
Ga0.294In0.005Sn0.701,5.07163666666667
Ga0.140In0.679Sn0.181,6.146539444444446
Ga0.196In0.643Sn0.161,6.254877222222227
Ga0.180In0.691Sn0.129,5.936197777777783
Ga0.277In0.138Sn0.585,5.743422777777787
Ga0.038In0.876Sn0.086,4.75818777777778
Ga0.667In0.166Sn0.167,5.532600000000011
Ga0.270In0.267Sn0.463,6.1912561111111195
Ga0.192In0.295Sn0.513,6.353662222222231
Ga0.497In0.147Sn0.356,5.478850277777784
Ga0.117In0.669Sn0.214,6.220130833333334
Ga0.582In0.220Sn0.198,5.665075833333342
Ga0.490In0.309Sn0.201,6.0797919444444535
Ga0.324In0.602Sn0.074,5.532571666666671
Ga0.048In0.221Sn0.731,4.978198611111124
Ga0.325In0.415Sn0.260,6.418850000000009
Ga0.241In0.473Sn0.286,6.7401513888888935
Ga0.448In0.420Sn0.132,5.962760833333339
Ga0.025In0.382Sn0.593,6.050816944444452
Ga0.296In0.313Sn0.391,6.169322500000009
Ga0.390In0.409Sn0.201,6.418936388888897
Ga0.421In0.237Sn0.342,5.980021944444452
Ga0.376In0.294Sn0.330,6.226983611111119
Ga0.197In0.465Sn0.338,6.717612500000005
Ga0.116In0.575Sn0.309,6.574379444444448
Ga0.256In0.353Sn0.391,6.49626250000001
Ga0.134In0.549Sn0.317,6.666254444444449
Ga0.097In0.595Sn0.308,6.590097777777781
Ga0.085In0.879Sn0.036,4.384874583333333
Ga0.187In0.709Sn0.104,5.694296388888892
Ga0.310In0.547Sn0.143,6.2674547222222285
Ga0.345In0.501Sn0.154,6.467666666666672
Ga0.165In0.026Sn0.809,4.8092194444444445
Ga0.591In0.267Sn0.142,5.633780833333342
Ga0.389In0.456Sn0.155,6.249261666666673
Ga0.041In0.443Sn0.516,6.493360000000002
Ga0.085In0.098Sn0.817,4.298590000000004
Ga0.204In0.355Sn0.441,6.583665555555564
Ga0.062In0.772Sn0.166,5.717183055555556
Ga0.241In0.455Sn0.304,6.7126008333333385
Ga0.326In0.162Sn0.512,5.739539166666676
Ga0.241In0.314Sn0.445,6.436874444444452
Ga0.351In0.220Sn0.429,5.987605277777786
Ga0.013In0.074Sn0.913,3.780265833333334
Ga0.403In0.354Sn0.243,6.3159566666666755
Ga0.097In0.426Sn0.477,6.4343786111111125
Ga0.398In0.537Sn0.065,5.497856666666673
Ga0.351In0.309Sn0.340,6.2051397222222295
Ga0.338In0.094Sn0.568,5.478236111111113
Ga0.401In0.055Sn0.544,5.225170555555555
Ga0.336In0.037Sn0.627,5.206418611111114
Ga0.400In0.297Sn0.303,6.220706111111121
Ga0.687In0.171Sn0.142,5.565341944444455
Ga0.073In0.752Sn0.175,5.81684333333333
Ga0.480In0.291Sn0.229,6.089160000000009
Ga0.116In0.537Sn0.347,6.599849444444448
Ga0.415In0.294Sn0.291,6.217150000000008
Ga0.243In0.595Sn0.162,6.460900555555562
Ga0.170In0.061Sn0.769,4.960952499999997
Ga0.302In0.345Sn0.353,6.151158333333343
Ga0.022In0.437Sn0.541,6.4690930555555575
Ga0.177In0.282Sn0.541,6.33029750000001
Ga0.379In0.280Sn0.341,6.106330833333341
Ga0.737In0.005Sn0.258,5.2692472222222335
Ga0.462In0.056Sn0.482,5.139468333333334
Ga0.275In0.193Sn0.532,6.013305277777788
Ga0.395In0.328Sn0.277,6.317154444444454
Ga0.167In0.564Sn0.269,6.613980277777782
Ga0.296In0.265Sn0.439,6.045986944444454
Ga0.328In0.297Sn0.375,6.17876972222223
Ga0.099In0.522Sn0.379,6.660584444444447
Ga0.251In0.488Sn0.261,6.812263055555561
Ga0.238In0.756Sn0.006,4.8621176388888925
Ga0.079In0.314Sn0.607,5.6958783333333445
Ga0.209In0.372Sn0.419,6.571452777777785
Ga0.621In0.354Sn0.025,4.642427083333343
Ga0.505In0.333Sn0.162,5.8671380555555634
Ga0.350In0.323Sn0.327,6.264957222222232
Ga0.126In0.549Sn0.325,6.676585000000004
Ga0.353In0.043Sn0.604,5.292679722222221
Ga0.440In0.078Sn0.482,5.2769077777777795
Ga0.248In0.164Sn0.588,5.91784666666668
Ga0.479In0.363Sn0.158,5.958859166666673
Ga0.170In0.411Sn0.419,6.693540555555561
Ga0.362In0.601Sn0.037,5.237480972222229
Ga0.032In0.764Sn0.204,6.028721944444444
Ga0.281In0.627Sn0.092,5.654427777777781
Ga0.159In0.282Sn0.559,6.245157222222231
Ga0.261In0.144Sn0.595,5.803631388888902
Ga0.238In0.255Sn0.507,6.252825277777786
Ga0.195In0.521Sn0.284,6.775631388888891
Ga0.540In0.129Sn0.331,5.340623055555561
Ga0.193In0.431Sn0.376,6.687059166666672
Ga0.303In0.348Sn0.349,6.206051666666675
Ga0.160In0.390Sn0.450,6.606588888888895
Ga0.381In0.339Sn0.280,6.313226666666675
Ga0.183In0.508Sn0.309,6.859947500000003
Ga0.859In0.127Sn0.014,5.257745972222245
Ga0.128In0.592Sn0.280,6.486827222222226
Ga0.838In0.134Sn0.028,5.324989583333354
Ga0.430In0.295Sn0.275,6.244875000000008
Ga0.280In0.537Sn0.183,6.395832222222227
Ga0.194In0.406Sn0.400,6.708962500000006
Ga0.502In0.365Sn0.133,5.82987444444445
Ga0.460In0.464Sn0.076,5.367023611111116
Ga0.345In0.501Sn0.154,6.467666666666672
Ga0.369In0.181Sn0.450,5.861207222222231
Ga0.239In0.557Sn0.204,6.637141666666672
Ga0.279In0.484Sn0.237,6.5886977777777815
Ga0.018In0.576Sn0.406,6.748800000000004
Ga0.455In0.255Sn0.290,5.997852222222232
Ga0.385In0.348Sn0.267,6.335361944444453
Ga0.244In0.447Sn0.309,6.72213694444445
Ga0.148In0.460Sn0.392,6.6573583333333355
Ga0.329In0.316Sn0.355,6.147528611111121
Ga0.445In0.134Sn0.421,5.546420833333339
Ga0.431In0.112Sn0.457,5.451659166666674
Ga0.628In0.361Sn0.011,4.631036527777788
Ga0.565In0.038Sn0.397,5.0401458333333355
Ga0.431In0.230Sn0.339,5.913202500000007
Ga0.502In0.384Sn0.114,5.662644166666672
Ga0.290In0.222Sn0.488,5.913606111111118
Ga0.406In0.166Sn0.428,5.713856666666675
Ga0.278In0.512Sn0.210,6.632170000000003
Ga0.418In0.239Sn0.343,5.963791388888897
Ga0.201In0.468Sn0.331,6.732537500000005
Ga0.543In0.333Sn0.124,5.662585277777783
Ga0.282In0.349Sn0.369,6.23637611111112
Ga0.721In0.225Sn0.054,5.11620430555557
Ga0.347In0.238Sn0.415,6.11741972222223
Ga0.311In0.563Sn0.126,6.0949038888888944
Ga0.302In0.285Sn0.413,6.152909166666675
Ga0.289In0.316Sn0.395,6.207855833333342
Ga0.126In0.540Sn0.334,6.668973888888892
Ga0.639In0.174Sn0.187,5.5724738888889
Ga0.361In0.498Sn0.141,6.366472222222226
Ga0.303In0.612Sn0.085,5.667168888888894
Ga0.385In0.001Sn0.614,5.2155755555555565
Ga0.032In0.500Sn0.468,6.889283333333333
Ga0.301In0.380Sn0.319,6.3412363888888965
Ga0.325In0.398Sn0.277,6.470131944444452
Ga0.183In0.286Sn0.531,6.324699722222232
Ga0.384In0.349Sn0.267,6.335361944444453
Ga0.488In0.035Sn0.477,5.055931388888892
Ga0.236In0.359Sn0.405,6.638520000000008
Ga0.079In0.350Sn0.571,5.936443611111118
Ga0.259In0.564Sn0.177,6.518881666666673
Ga0.131In0.578Sn0.291,6.54597666666667
Ga0.123In0.808Sn0.069,4.81520666666667
Ga0.149In0.165Sn0.686,5.367807500000017
Ga0.782In0.048Sn0.170,5.66061777777779
Ga0.106In0.132Sn0.762,4.629670833333342
Ga0.612In0.373Sn0.015,4.624682083333342
Ga0.269In0.571Sn0.160,6.385490000000004
Ga0.063In0.727Sn0.210,6.1693002777777775
Ga0.602In0.161Sn0.237,5.597378888888899
Ga0.133In0.182Sn0.685,5.315391944444461
Ga0.704In0.194Sn0.102,5.463935277777789
Ga0.046In0.497Sn0.457,6.817569444444445
Ga0.315In0.416Sn0.269,6.423761111111118
Ga0.438In0.246Sn0.316,5.969360555555565
Ga0.129In0.402Sn0.469,6.444373888888893
Ga0.421In0.215Sn0.364,5.913512500000008
Ga0.267In0.300Sn0.433,6.300680000000008
Ga0.366In0.346Sn0.288,6.394456666666676
Ga0.400In0.583Sn0.017,4.916426250000006
Ga0.061In0.353Sn0.586,6.086141944444452
Ga0.585In0.284Sn0.131,5.548423333333338
Ga0.211In0.019Sn0.770,5.009067777777777
Ga0.183In0.618Sn0.199,6.435315277777783
Ga0.575In0.209Sn0.216,5.701609166666676
Ga0.659In0.064Sn0.277,5.243380277777786
Ga0.095In0.532Sn0.373,6.62083166666667
Ga0.439In0.352Sn0.209,6.243429444444452
Ga0.175In0.241Sn0.584,6.138416666666678
Ga0.478In0.098Sn0.424,5.312989444444448
Ga0.517In0.419Sn0.064,5.263404722222227
Ga0.459In0.006Sn0.535,5.089688611111112
Ga0.164In0.418Sn0.418,6.697554444444449
Ga0.320In0.108Sn0.572,5.546222500000005
Ga0.127In0.818Sn0.055,4.664090972222225
Ga0.135In0.202Sn0.663,5.550150555555572
Ga0.340In0.029Sn0.631,5.180941388888891
Ga0.566In0.288Sn0.146,5.737197222222229
Ga0.460In0.438Sn0.102,5.666084166666671
Ga0.168In0.061Sn0.771,4.95248583333333
Ga0.284In0.241Sn0.475,6.001328611111119
Ga0.099In0.447Sn0.454,6.467034722222225
Ga0.365In0.335Sn0.300,6.332795555555565
Ga0.341In0.200Sn0.459,5.910007500000008
Ga0.139In0.430Sn0.431,6.617197222222226
Ga0.465In0.459Sn0.076,5.329931944444449
Ga0.606In0.233Sn0.161,5.629389166666676
Ga0.148In0.377Sn0.475,6.440561388888895
Ga0.293In0.438Sn0.269,6.442168888888895
Ga0.254In0.532Sn0.214,6.677160277777783
Ga0.404In0.124Sn0.472,5.454977500000006
Ga0.141In0.176Sn0.683,5.323356388888906
Ga0.496In0.367Sn0.137,5.9252288888888955
Ga0.559In0.218Sn0.223,5.751630277777787
Ga0.284In0.293Sn0.423,6.2143363888888965
Ga0.450In0.286Sn0.264,6.11062500000001
Ga0.792In0.005Sn0.203,5.66994166666668
Ga0.100In0.139Sn0.761,4.7211538888888995
Ga0.378In0.338Sn0.284,6.3237933333333425
Ga0.402In0.310Sn0.288,6.274325000000009
Ga0.296In0.161Sn0.543,5.793903333333345
Ga0.477In0.275Sn0.248,6.00265361111112
Ga0.030In0.722Sn0.248,6.324220277777778
Ga0.318In0.391Sn0.291,6.451293055555563
Ga0.031In0.359Sn0.610,5.974414444444454
Ga0.640In0.097Sn0.263,5.2792222222222325
Ga0.548In0.252Sn0.200,5.829373611111121
Ga0.467In0.311Sn0.222,6.091561666666675
Ga0.195In0.474Sn0.331,6.780898611111116
Ga0.340In0.184Sn0.476,5.831628333333342
Ga0.364In0.205Sn0.431,5.950584166666675
Ga0.183In0.485Sn0.332,6.817100833333337
Ga0.553In0.371Sn0.076,5.173902777777783
Ga0.308In0.482Sn0.210,6.504641388888895
Ga0.525In0.236Sn0.239,5.886321944444454
Ga0.518In0.051Sn0.431,5.0195991666666675
Ga0.807In0.055Sn0.138,5.7736819444444585
Ga0.297In0.349Sn0.354,6.164652222222233
Ga0.110In0.466Sn0.424,6.588830277777781
Ga0.163In0.013Sn0.824,4.790849722222222
Ga0.020In0.482Sn0.498,6.819288888888889
Ga0.275In0.402Sn0.323,6.514960277777784
Ga0.296In0.522Sn0.182,6.409271388888894
Ga0.481In0.190Sn0.329,5.806207777777786
Ga0.250In0.221Sn0.529,6.168436666666676
Ga0.241In0.230Sn0.529,6.222194444444453
Ga0.471In0.248Sn0.281,5.944196666666675
Ga0.396In0.337Sn0.267,6.280810277777787
Ga0.145In0.491Sn0.364,6.748176666666669
Ga0.276In0.295Sn0.429,6.273023611111118
Ga0.523In0.053Sn0.424,5.034306666666667
Ga0.417In0.504Sn0.079,5.5881441666666705
Ga0.653In0.163Sn0.184,5.555620000000011
Ga0.204In0.546Sn0.250,6.640130000000004
Ga0.382In0.350Sn0.268,6.360584166666675
Ga0.644In0.134Sn0.222,5.515516388888899
Ga0.557In0.375Sn0.068,5.1582255555555605
Ga0.201In0.140Sn0.659,5.565987222222235
Ga0.064In0.087Sn0.849,4.025941666666667
Ga0.196In0.142Sn0.662,5.5723611111111255
Ga0.330In0.323Sn0.347,6.156903055555565
Ga0.068In0.929Sn0.003,3.8224913888888903
Ga0.483In0.135Sn0.382,5.50431194444445
Ga0.612In0.249Sn0.139,5.607791944444454
Ga0.479In0.332Sn0.189,5.989185555555563
Ga0.383In0.327Sn0.290,6.2909016666666755
Ga0.058In0.470Sn0.472,6.67785388888889
Ga0.352In0.273Sn0.375,6.137553055555563
Ga0.024In0.573Sn0.403,6.755047222222226
Ga0.505In0.116Sn0.379,5.372375000000006
Ga0.095In0.417Sn0.488,6.393865000000003
Ga0.016In0.809Sn0.175,5.637664722222224
Ga0.506In0.130Sn0.364,5.396051666666673
Ga0.329In0.147Sn0.524,5.747228611111119
Ga0.481In0.012Sn0.507,5.095976388888891
Ga0.363In0.149Sn0.488,5.664251944444451
Ga0.059In0.351Sn0.590,6.05139750000001
Ga0.372In0.239Sn0.389,6.046194166666675
Ga0.272In0.126Sn0.602,5.64471000000001
Ga0.261In0.374Sn0.365,6.4420938888888974
Ga0.397In0.533Sn0.070,5.484014444444449
Ga0.327In0.185Sn0.488,5.829309722222231
Ga0.495In0.039Sn0.466,5.07845305555556
Ga0.430In0.165Sn0.405,5.795207777777786
Ga0.020In0.164Sn0.816,4.542604722222236
Ga0.485In0.021Sn0.494,5.085116388888892
Ga0.744In0.141Sn0.115,5.6507222222222335
Ga0.055In0.434Sn0.511,6.494339444444447
Ga0.433In0.194Sn0.373,5.9146930555555635
Ga0.089In0.633Sn0.278,6.4696611111111135
Ga0.067In0.576Sn0.357,6.550587777777782
Ga0.361In0.300Sn0.339,6.19363083333334
Ga0.111In0.711Sn0.178,5.967485833333335
Ga0.316In0.314Sn0.370,6.1782891666666755
Ga0.439In0.459Sn0.102,5.68709805555556
Ga0.394In0.461Sn0.145,6.221356111111117
Ga0.493In0.150Sn0.357,5.50991972222223
Ga0.106In0.371Sn0.523,6.161960000000006
Ga0.006In0.571Sn0.423,6.807993888888891
Ga0.036In0.341Sn0.623,5.784390277777789
Ga0.833In0.063Sn0.104,5.714896111111126
Ga0.337In0.126Sn0.537,5.603761944444449
Ga0.173In0.506Sn0.321,6.876378888888891
Ga0.189In0.273Sn0.538,6.305789166666675
Ga0.519In0.376Sn0.105,5.599151111111116
Ga0.098In0.096Sn0.806,4.364469722222226
Ga0.263In0.425Sn0.312,6.661188055555562
Ga0.189In0.409Sn0.402,6.714089722222227
Ga0.128In0.609Sn0.263,6.418657777777783
Ga0.272In0.472Sn0.256,6.570284444444449
Ga0.537In0.137Sn0.326,5.425296944444451
Ga0.862In0.082Sn0.056,5.4574635555555755
Ga0.296In0.450Sn0.254,6.406567500000006
Ga0.112In0.673Sn0.215,6.18362138888889
Ga0.029In0.412Sn0.559,6.284858333333336
Ga0.309In0.273Sn0.418,6.143048055555563
Ga0.343In0.224Sn0.433,5.947080277777785
Ga0.121In0.818Sn0.061,4.766245972222226
Ga0.329In0.323Sn0.348,6.156903055555565
Ga0.409In0.279Sn0.312,6.1493222222222315
Ga0.719In0.165Sn0.116,5.522258888888901
Ga0.089In0.488Sn0.423,6.703439166666668
Ga0.165In0.667Sn0.168,6.18520666666667
Ga0.709In0.022Sn0.269,5.213760277777787
Ga0.513In0.238Sn0.249,5.878256111111121
Ga0.763In0.179Sn0.058,5.343241388888902
Ga0.352In0.333Sn0.315,6.299496111111122
Ga0.509In0.024Sn0.467,5.047583055555559
Ga0.250In0.230Sn0.520,6.124532777777787
Ga0.459In0.097Sn0.444,5.382656666666673
Ga0.326In0.397Sn0.277,6.457115277777786
Ga0.032In0.015Sn0.953,3.7238816666666685
Ga0.447In0.182Sn0.371,5.837110555555565
Ga0.310In0.376Sn0.314,6.423178611111121
Ga0.198In0.506Sn0.296,6.881100277777779
Ga0.371In0.017Sn0.612,5.270568055555557
Ga0.556In0.351Sn0.093,5.366338888888896
Ga0.403In0.425Sn0.172,6.118799444444451
Ga0.471In0.067Sn0.462,5.185628055555557
Ga0.322In0.277Sn0.401,6.198006388888896
Ga0.426In0.481Sn0.093,5.724045000000006
Ga0.486In0.300Sn0.214,6.0638716666666745
Ga0.354In0.444Sn0.202,6.478883611111119
Ga0.275In0.115Sn0.610,5.565600833333343
Ga0.225In0.393Sn0.382,6.6081158333333425
Ga0.164In0.338Sn0.498,6.41150722222223
Ga0.395In0.325Sn0.280,6.320710000000009
Ga0.028In0.843Sn0.129,5.206330000000003
Ga0.426In0.243Sn0.331,6.00752972222223
Ga0.500In0.449Sn0.051,5.01858333333334
Ga0.078In0.380Sn0.542,6.111483611111116
Ga0.286In0.380Sn0.334,6.354095277777784
Ga0.325In0.299Sn0.376,6.194414166666674
Ga0.488In0.383Sn0.129,5.883556388888895
Ga0.710In0.037Sn0.253,5.23047027777779
Ga0.424In0.229Sn0.347,5.914671944444451
Ga0.007In0.490Sn0.503,6.928935
Ga0.557In0.359Sn0.084,5.238403055555563
Ga0.479In0.364Sn0.157,5.970542500000007
Ga0.004In0.416Sn0.580,6.276908888888892
Ga0.285In0.319Sn0.396,6.207855833333342
Ga0.390In0.351Sn0.259,6.357181388888899
Ga0.447In0.003Sn0.550,5.155678333333333
Ga0.397In0.420Sn0.183,6.237363333333341
Ga0.170In0.299Sn0.531,6.331872222222231
Ga0.082In0.337Sn0.581,5.838664444444452
Ga0.460In0.079Sn0.461,5.261555833333335
Ga0.133In0.247Sn0.620,5.727142222222236
Ga0.666In0.281Sn0.053,4.908805694444455
Ga0.288In0.441Sn0.271,6.474807777777783
Ga0.459In0.130Sn0.411,5.482385833333336
Ga0.470In0.371Sn0.159,5.989792500000006
Ga0.228In0.108Sn0.664,5.478695277777787
Ga0.364In0.532Sn0.104,5.904854166666673
Ga0.324In0.308Sn0.368,6.161805833333342
Ga0.228In0.574Sn0.198,6.594018055555561
Ga0.335In0.361Sn0.304,6.415944166666675
Ga0.678In0.261Sn0.061,5.014246111111124
Ga0.420In0.059Sn0.521,5.344762499999999
Ga0.391In0.325Sn0.284,6.3312766666666755
Ga0.490In0.243Sn0.267,5.9290375000000095
Ga0.225In0.377Sn0.398,6.617900000000008
Ga0.038In0.146Sn0.816,4.442190555555567
Ga0.408In0.404Sn0.188,6.2569044444444515
Ga0.190In0.362Sn0.448,6.577342777777786
Ga0.428In0.106Sn0.466,5.458727500000006
Ga0.004In0.347Sn0.649,5.799910000000012
Ga0.099In0.386Sn0.515,6.267351666666671
Ga0.141In0.647Sn0.212,6.311553888888891
Ga0.711In0.228Sn0.061,5.086632222222235
Ga0.208In0.686Sn0.106,5.738075555555558
Ga0.392In0.175Sn0.433,5.8056855555555655
Ga0.274In0.398Sn0.328,6.5092825000000065
Ga0.193In0.399Sn0.408,6.698340277777783
Ga0.239In0.575Sn0.186,6.534139444444449
Ga0.185In0.274Sn0.541,6.312975833333342
Ga0.346In0.334Sn0.320,6.268662777777787
Ga0.390In0.525Sn0.085,5.619983611111115
Ga0.527In0.365Sn0.108,5.621237222222227
Ga0.401In0.093Sn0.506,5.354371388888892
Ga0.267In0.489Sn0.244,6.671750555555561
Ga0.011In0.987Sn0.002,3.4816594444444435
Ga0.189In0.714Sn0.097,5.615490833333337
Ga0.427In0.310Sn0.263,6.231251388888899
Ga0.396In0.240Sn0.364,6.0203725000000095
Ga0.388In0.090Sn0.522,5.464056944444446
Ga0.240In0.645Sn0.115,5.9921794444444485
Ga0.348In0.329Sn0.323,6.262985000000009
Ga0.308In0.540Sn0.152,6.4047352777777835
Ga0.249In0.683Sn0.068,5.615353611111116
Ga0.141In0.472Sn0.387,6.650610555555558
Ga0.412In0.032Sn0.556,5.235726111111112
Ga0.186In0.352Sn0.462,6.534121388888898
Ga0.295In0.331Sn0.374,6.17105250000001
Ga0.421In0.200Sn0.379,5.933218055555564
Ga0.075In0.187Sn0.738,4.866428333333345
Ga0.382In0.345Sn0.273,6.350267500000008
Ga0.198In0.397Sn0.405,6.673381944444451
Ga0.370In0.230Sn0.400,6.083113055555563
Ga0.189In0.736Sn0.075,5.439171805555559
Ga0.292In0.238Sn0.470,5.926798055555564
Ga0.047In0.712Sn0.241,6.335017500000003
Ga0.363In0.178Sn0.459,5.812639444444454
Ga0.201In0.381Sn0.418,6.621876666666674
Ga0.379In0.344Sn0.277,6.36260222222223
Ga0.335In0.412Sn0.253,6.43217972222223
Ga0.492In0.069Sn0.439,5.159418055555557
Ga0.025In0.069Sn0.906,3.801226944444445
Ga0.377In0.351Sn0.272,6.376511944444453
Ga0.542In0.414Sn0.044,4.896377777777786
Ga0.284In0.486Sn0.230,6.582442500000003
Ga0.347In0.460Sn0.193,6.406085277777785
Ga0.242In0.438Sn0.320,6.708159722222228
Ga0.474In0.502Sn0.024,4.865815833333342
Ga0.709In0.008Sn0.283,5.148411666666676
Ga0.680In0.087Sn0.233,5.425968888888898
Ga0.299In0.304Sn0.397,6.167453055555564
Ga0.302In0.329Sn0.369,6.117549722222233
Ga0.395In0.383Sn0.222,6.3918358333333405
Ga0.181In0.513Sn0.306,6.85508638888889
Ga0.397In0.131Sn0.472,5.516173611111117
Ga0.631In0.335Sn0.034,4.719863472222233
Ga0.206In0.676Sn0.118,5.908726944444449
Ga0.091In0.609Sn0.300,6.5770200000000045
Ga0.546In0.229Sn0.225,5.809649166666675
Ga0.341In0.601Sn0.058,5.439940138888894
Ga0.111In0.170Sn0.719,4.987114166666683
Ga0.469In0.179Sn0.352,5.657854444444453
Ga0.240In0.237Sn0.523,6.237447777777786
Ga0.230In0.367Sn0.403,6.614156111111119
Ga0.367In0.322Sn0.311,6.310942777777787
Ga0.102In0.288Sn0.610,5.751665000000012
Ga0.665In0.300Sn0.035,4.740871250000012
Ga0.405In0.354Sn0.241,6.3133372222222315
Ga0.136In0.453Sn0.411,6.598230000000004
Ga0.549In0.215Sn0.236,5.805522500000009
Ga0.231In0.427Sn0.342,6.672065833333338
Ga0.278In0.028Sn0.694,5.071699444444446
Ga0.407In0.123Sn0.470,5.443453055555562
Ga0.366In0.542Sn0.092,5.764331111111116
Ga0.401In0.380Sn0.219,6.319273611111118
Ga0.482In0.003Sn0.515,5.043488333333335
Ga0.524In0.317Sn0.159,5.836915555555563
Ga0.358In0.476Sn0.166,6.366186666666674
Ga0.008In0.843Sn0.149,5.40091416666667
Ga0.213In0.341Sn0.446,6.474300000000008
Ga0.151In0.344Sn0.505,6.346863611111119
Ga0.532In0.428Sn0.040,4.931448888888897
Ga0.359In0.124Sn0.517,5.569977777777783
Ga0.425In0.371Sn0.204,6.325914444444452
Ga0.313In0.307Sn0.380,6.214522500000009
Ga0.373In0.343Sn0.284,6.3678702777777865
Ga0.205In0.750Sn0.045,5.118022222222226
Ga0.418In0.430Sn0.152,6.23889333333334
Ga0.588In0.047Sn0.365,4.999470277777782
Ga0.407In0.471Sn0.122,5.958981388888894
Ga0.357In0.236Sn0.407,6.119846944444452
Ga0.273In0.356Sn0.371,6.427421388888899
Ga0.459In0.101Sn0.440,5.375140000000005
Ga0.203In0.796Sn0.001,4.618506388888893
Ga0.120In0.464Sn0.416,6.688135555555559
Ga0.453In0.101Sn0.446,5.386224444444451
Ga0.212In0.392Sn0.396,6.604201388888896
Ga0.620In0.040Sn0.340,4.998913888888896
Ga0.128In0.462Sn0.410,6.600749444444447
Ga0.332In0.126Sn0.542,5.600215277777783
Ga0.319In0.445Sn0.236,6.455935277777784
Ga0.595In0.341Sn0.064,5.026124444444452
Ga0.241In0.464Sn0.295,6.766195833333339
Ga0.232In0.215Sn0.553,6.167326944444453
Ga0.185In0.531Sn0.284,6.742342500000003
Ga0.258In0.231Sn0.511,6.107525000000008
Ga0.339In0.418Sn0.243,6.469921388888896
Ga0.357In0.292Sn0.351,6.178086388888897
Ga0.367In0.291Sn0.342,6.175158611111119
Ga0.703In0.204Sn0.093,5.373695833333347
Ga0.208In0.282Sn0.510,6.262820555555564
Ga0.419In0.259Sn0.322,6.028163333333342
Ga0.403In0.407Sn0.190,6.265354444444451
Ga0.317In0.322Sn0.361,6.159771388888898
Ga0.319In0.252Sn0.429,6.023996388888898
Ga0.382In0.316Sn0.302,6.314023888888898
Ga0.424In0.502Sn0.074,5.538047500000004
Ga0.453In0.045Sn0.502,5.126673888888891
Ga0.487In0.095Sn0.418,5.319336111111116
Ga0.501In0.027Sn0.472,5.000946944444448
Ga0.359In0.034Sn0.607,5.274572500000001
Ga0.066In0.586Sn0.348,6.534514444444449
Ga0.730In0.164Sn0.106,5.537781388888901
Ga0.465In0.412Sn0.123,5.860490277777783
Ga0.217In0.444Sn0.339,6.676634722222228
Ga0.610In0.201Sn0.189,5.659420555555565
Ga0.459In0.197Sn0.344,5.793266944444453
Ga0.439In0.113Sn0.448,5.410795277777785
Ga0.415In0.405Sn0.180,6.190235000000007
Ga0.533In0.330Sn0.137,5.788222222222228
Ga0.284In0.574Sn0.142,6.318311944444448
Ga0.316In0.543Sn0.141,6.254660833333339
Ga0.173In0.730Sn0.097,5.54794416666667
Ga0.804In0.052Sn0.144,5.77027555555557
Ga0.453In0.530Sn0.017,4.813790694444451
Ga0.359In0.339Sn0.302,6.327062222222232
Ga0.385In0.426Sn0.189,6.303122222222227
Ga0.264In0.542Sn0.194,6.519806388888894
Ga0.333In0.486Sn0.181,6.368036111111117
Ga0.372In0.410Sn0.218,6.451500277777786
Ga0.541In0.049Sn0.410,5.059338888888889
Ga0.035In0.511Sn0.454,6.840840277777776
Ga0.125In0.499Sn0.376,6.744305555555558
Ga0.387In0.325Sn0.288,6.318512222222231
Ga0.120In0.244Sn0.636,5.693040000000013
Ga0.238In0.406Sn0.356,6.642225277777784
Ga0.312In0.044Sn0.644,5.188716111111112
Ga0.101In0.580Sn0.319,6.598789444444448
Ga0.340In0.177Sn0.483,5.76373611111112
Ga0.440In0.226Sn0.334,5.871794166666675
Ga0.605In0.087Sn0.308,5.21848805555556
Ga0.381In0.325Sn0.294,6.326460000000009
Ga0.297In0.664Sn0.039,5.203293750000006
Ga0.473In0.294Sn0.233,6.111797777777786
Ga0.129In0.492Sn0.379,6.695411666666671
Ga0.084In0.407Sn0.509,6.315836388888893
Ga0.360In0.605Sn0.035,5.222238750000007
Ga0.687In0.311Sn0.002,4.580328750000013
Ga0.120In0.435Sn0.445,6.589188888888891
Ga0.428In0.500Sn0.072,5.522495833333338
Ga0.367In0.274Sn0.359,6.093743055555564
Ga0.142In0.376Sn0.482,6.369144166666674
Ga0.216In0.770Sn0.014,4.804184305555561
Ga0.318In0.260Sn0.422,6.0595291666666755
Ga0.161In0.264Sn0.575,6.188911111111121
Ga0.510In0.086Sn0.404,5.315463611111113
Ga0.281In0.442Sn0.277,6.514819166666672
Ga0.708In0.030Sn0.262,5.186453611111122
Ga0.292In0.208Sn0.500,5.885743333333341
Ga0.267In0.380Sn0.353,6.402514166666674
Ga0.475In0.160Sn0.365,5.623746111111119
Ga0.257In0.290Sn0.453,6.334554444444453
Ga0.099In0.682Sn0.219,6.206491944444445
Ga0.390In0.331Sn0.279,6.319737777777786
Ga0.435In0.407Sn0.158,6.186129444444451
Ga0.309In0.515Sn0.176,6.391090000000005
Ga0.271In0.692Sn0.037,5.176064861111117
Ga0.320In0.324Sn0.356,6.130525833333342
Ga0.371In0.150Sn0.479,5.660801666666675
Ga0.308In0.068Sn0.624,5.336222500000001
Ga0.327In0.489Sn0.184,6.413146666666671
Ga0.316In0.391Sn0.293,6.485490277777786
Ga0.429In0.478Sn0.093,5.712378333333338
Ga0.466In0.131Sn0.403,5.521561388888893
Ga0.291In0.547Sn0.162,6.329621388888896
Ga0.355In0.285Sn0.360,6.144296944444454
Ga0.218In0.352Sn0.430,6.566298055555564
Ga0.160In0.339Sn0.501,6.409818333333342
Ga0.208In0.508Sn0.284,6.795717500000002
Ga0.096In0.745Sn0.159,5.7592494444444435
Ga0.290In0.327Sn0.383,6.183222500000009
Ga0.505In0.377Sn0.118,5.719509722222227
Ga0.417In0.437Sn0.146,6.1877155555555605
Ga0.442In0.275Sn0.283,6.095832777777787
Ga0.336In0.491Sn0.173,6.371286111111117
Ga0.304In0.004Sn0.692,5.07086166666667
Ga0.298In0.470Sn0.232,6.454760277777783
Ga0.380In0.372Sn0.248,6.38531361111112
Ga0.546In0.185Sn0.269,5.719558055555565
Ga0.138In0.808Sn0.054,4.760033888888893
Ga0.153In0.637Sn0.210,6.37223277777778
Ga0.356In0.139Sn0.505,5.655599166666673
Ga0.940In0.024Sn0.036,5.321259444444472
Ga0.563In0.267Sn0.170,5.66820861111112
Ga0.506In0.356Sn0.138,5.918112777777784
Ga0.450In0.432Sn0.118,5.830348611111116
Ga0.209In0.297Sn0.494,6.3708608333333405
Ga0.434In0.412Sn0.154,6.235262777777785
Ga0.431In0.438Sn0.131,6.029494166666672
Ga0.342In0.347Sn0.311,6.348093888888898
Ga0.315In0.505Sn0.180,6.3851350000000044
Ga0.319In0.367Sn0.314,6.374726944444453
Ga0.295In0.277Sn0.428,6.116688611111119
Ga0.247In0.658Sn0.095,5.821476666666671
Ga0.637In0.325Sn0.038,4.796187916666677
Ga0.142In0.439Sn0.419,6.630033333333337
Ga0.489In0.135Sn0.376,5.5176527777777835
Ga0.158In0.696Sn0.146,6.020378888888891
Ga0.401In0.181Sn0.418,5.850998888888896
Ga0.409In0.226Sn0.365,5.933386388888897
Ga0.274In0.653Sn0.073,5.4738994444444495
Ga0.543In0.125Sn0.332,5.319906944444449
Ga0.462In0.212Sn0.326,5.855137222222231
Ga0.141In0.330Sn0.529,6.2270408333333425
Ga0.034In0.358Sn0.608,5.968165833333343
Ga0.620In0.354Sn0.026,4.628614861111121
Ga0.064In0.649Sn0.287,6.563497777777781
Ga0.518In0.130Sn0.352,5.336858611111115
Ga0.235In0.430Sn0.335,6.7021463888888935
Ga0.640In0.300Sn0.060,5.005098611111121
Ga0.193In0.390Sn0.417,6.666426388888896
Ga0.527In0.151Sn0.322,5.501356388888897
Ga0.109In0.414Sn0.477,6.409193611111115
Ga0.343In0.263Sn0.394,6.073656388888897
Ga0.148In0.520Sn0.332,6.808163888888891
Ga0.155In0.429Sn0.416,6.685206666666672
Ga0.245In0.458Sn0.297,6.745173055555561
Ga0.392In0.441Sn0.167,6.249792222222228
Ga0.030In0.509Sn0.461,6.855372222222222
Ga0.560In0.327Sn0.113,5.450904166666674
Ga0.273In0.675Sn0.052,5.336585972222229
Ga0.076In0.564Sn0.360,6.521676666666671
Ga0.662In0.187Sn0.151,5.666467222222233
Ga0.575In0.321Sn0.104,5.351437500000007
Ga0.335In0.349Sn0.316,6.319888333333344
Ga0.498In0.032Sn0.470,4.9976936111111145
Ga0.182In0.469Sn0.349,6.681879166666672
Ga0.635In0.136Sn0.229,5.516384444444454
Ga0.143In0.004Sn0.853,4.558064722222219
Ga0.086In0.574Sn0.340,6.561336666666671
Ga0.310In0.270Sn0.420,6.139256388888897
Ga0.054In0.588Sn0.358,6.6499358333333385
Ga0.431In0.338Sn0.231,6.2246894444444525
Ga0.446In0.060Sn0.494,5.214525
Ga0.295In0.435Sn0.270,6.454485555555562
Ga0.329In0.416Sn0.255,6.415834722222229
Ga0.266In0.457Sn0.277,6.5718630555555615
Ga0.949In0.036Sn0.015,5.187153888888919
Ga0.351In0.399Sn0.250,6.494993611111119
Ga0.432In0.204Sn0.364,5.895448611111121
Ga0.779In0.148Sn0.073,5.543061944444458
Ga0.223In0.311Sn0.466,6.395192222222231
Ga0.161In0.435Sn0.404,6.7447844444444485
Ga0.071In0.011Sn0.918,3.83130388888889
Ga0.224In0.166Sn0.610,5.88200055555557
Ga0.227In0.168Sn0.605,5.912883888888904
Ga0.018In0.537Sn0.445,6.798752777777778
Ga0.240In0.582Sn0.178,6.461758888888894
Ga0.420In0.268Sn0.312,6.121216111111122
Ga0.490In0.252Sn0.258,5.85925000000001
Ga0.178In0.425Sn0.397,6.68787305555556
Ga0.334In0.240Sn0.426,6.038971944444453
Ga0.361In0.316Sn0.323,6.260084444444454
Ga0.193In0.271Sn0.536,6.311705833333341
Ga0.275In0.534Sn0.191,6.440737222222226
Ga0.452In0.430Sn0.118,5.802123611111116
Ga0.026In0.427Sn0.547,6.354307500000002
Ga0.291In0.350Sn0.359,6.197578333333343
Ga0.481In0.107Sn0.412,5.377631944444449
Ga0.371In0.621Sn0.008,4.911498194444452
Ga0.211In0.352Sn0.437,6.561906388888897
Ga0.537In0.099Sn0.364,5.26648333333334
Ga0.442In0.119Sn0.439,5.410979166666674
Ga0.455In0.257Sn0.288,6.038962777777788
Ga0.496In0.168Sn0.336,5.613772500000008
Ga0.229In0.436Sn0.335,6.728149722222226
Ga0.741In0.161Sn0.098,5.604041944444457
Ga0.353In0.356Sn0.291,6.4328891666666745
Ga0.219In0.314Sn0.467,6.396633888888897
Ga0.251In0.402Sn0.347,6.594391388888896
Ga0.243In0.415Sn0.342,6.640257500000006
Ga0.278In0.019Sn0.703,5.144594444444447
Ga0.502In0.369Sn0.129,5.795368611111116
Ga0.192In0.747Sn0.061,5.377240833333337
Ga0.275In0.649Sn0.076,5.49476055555556
Ga0.263In0.126Sn0.611,5.648308333333342
Ga0.476In0.094Sn0.430,5.25906666666667
Ga0.862In0.046Sn0.092,5.615952500000018
Ga0.199In0.690Sn0.111,5.787989444444447
Ga0.338In0.274Sn0.388,6.1043425000000076
Ga0.177In0.447Sn0.376,6.6775169444444495
Ga0.619In0.273Sn0.108,5.314614444444453
Ga0.514In0.048Sn0.438,5.027605277777779
Ga0.354In0.549Sn0.097,5.859400000000006
Ga0.295In0.251Sn0.454,5.963735277777787
Ga0.453In0.312Sn0.235,6.159856111111121
Ga0.040In0.324Sn0.636,5.724824166666679
Ga0.730In0.176Sn0.094,5.495560833333346
Ga0.195In0.301Sn0.504,6.390326944444452
Ga0.148In0.560Sn0.292,6.670010555555559
Ga0.411In0.190Sn0.399,5.97404861111112
Ga0.393In0.461Sn0.146,6.22888944444445
Ga0.013In0.549Sn0.438,6.788900000000001
Ga0.316In0.250Sn0.434,6.021221388888899
Ga0.199In0.411Sn0.390,6.654848611111118
Ga0.396In0.268Sn0.336,6.092782500000008
Ga0.307In0.590Sn0.103,5.877713333333338
Ga0.755In0.148Sn0.097,5.591254166666678
Ga0.193In0.516Sn0.291,6.819397500000002
Ga0.522In0.197Sn0.281,5.787637222222232
Ga0.396In0.011Sn0.593,5.278816388888891
Ga0.376In0.405Sn0.219,6.4422275000000075
Ga0.405In0.397Sn0.198,6.350515833333342
Ga0.406In0.364Sn0.230,6.292843611111119
Ga0.612In0.261Sn0.127,5.516323333333341
Ga0.105In0.634Sn0.261,6.389206111111115
Ga0.349In0.139Sn0.512,5.675605277777785
Ga0.438In0.450Sn0.112,5.754849166666672
Ga0.407In0.382Sn0.211,6.353274166666673
Ga0.016In0.905Sn0.079,4.6329301388888915
Ga0.525In0.441Sn0.034,4.874815833333342
Ga0.598In0.011Sn0.391,4.9609213888888934
Ga0.023In0.643Sn0.334,6.653429444444449
Ga0.383In0.276Sn0.341,6.106330833333341
Ga0.198In0.713Sn0.089,5.568580277777783
Ga0.457In0.449Sn0.094,5.548025000000004
Ga0.511In0.401Sn0.088,5.353839722222227
Ga0.305In0.374Sn0.321,6.395800833333342
Ga0.542In0.365Sn0.093,5.433073611111117
Ga0.040In0.528Sn0.432,6.782043055555556
Ga0.377In0.388Sn0.235,6.458786388888896
Ga0.377In0.253Sn0.370,6.011339166666676
Ga0.319In0.201Sn0.480,5.86991972222223
Ga0.360In0.130Sn0.510,5.585132222222227
Ga0.037In0.665Sn0.298,6.65647444444445
Ga0.410In0.248Sn0.342,5.905638055555563
Ga0.494In0.497Sn0.009,4.691862777777785
Ga0.461In0.014Sn0.525,5.179387500000002
Ga0.403In0.395Sn0.202,6.356955277777786
Ga0.304In0.273Sn0.423,6.144461944444452
Ga0.379In0.253Sn0.368,5.999255833333343
Ga0.641In0.193Sn0.166,5.607126944444455
Ga0.081In0.129Sn0.790,4.381639444444451
Ga0.473In0.176Sn0.351,5.636851666666676
Ga0.403In0.193Sn0.404,5.961796388888897
Ga0.003In0.588Sn0.409,6.779252222222226
Ga0.468In0.275Sn0.257,6.000395277777787
Ga0.074In0.868Sn0.058,4.582953611111114
Ga0.361In0.326Sn0.313,6.325220555555566
Ga0.373In0.400Sn0.227,6.472702500000008
Ga0.375In0.296Sn0.329,6.234129444444453
Ga0.453In0.407Sn0.140,6.090882777777784
Ga0.376In0.433Sn0.191,6.3463055555555625
Ga0.418In0.062Sn0.520,5.32532111111111
Ga0.469In0.157Sn0.374,5.62638222222223
Ga0.181In0.260Sn0.559,6.210979722222232
Ga0.379In0.212Sn0.409,5.991968055555563
Ga0.415In0.547Sn0.038,5.137972638888897
Ga0.211In0.078Sn0.711,5.245382777777778
Ga0.419In0.420Sn0.161,6.171368333333339
Ga0.234In0.339Sn0.427,6.488476666666674
Ga0.348In0.341Sn0.311,6.337981666666677
Ga0.028In0.501Sn0.471,6.890094444444444
Ga0.470In0.242Sn0.288,5.976483333333341
Ga0.769In0.142Sn0.089,5.535900000000013
Ga0.232In0.499Sn0.269,6.848675000000003
Ga0.020In0.441Sn0.539,6.482473888888889
Ga0.464In0.018Sn0.518,5.145286944444447
Ga0.438In0.413Sn0.149,6.111571111111117
Ga0.348In0.466Sn0.186,6.368847777777785
Ga0.246In0.398Sn0.356,6.572989166666672
Ga0.565In0.024Sn0.411,4.998299166666669
Ga0.137In0.270Sn0.593,5.966212222222235
In0.955Sn0.045,3.9859540277777774
Ga0.693In0.092Sn0.215,5.419074166666676
Ga0.483In0.343Sn0.174,5.9396419444444515
Ga0.299In0.325Sn0.376,6.163785833333343
Ga0.506In0.058Sn0.436,5.108956388888889
Ga0.435In0.261Sn0.304,6.088515555555565
Ga0.629In0.127Sn0.244,5.361217500000011
Ga0.248In0.114Sn0.638,5.5639230555555645
Ga0.067In0.603Sn0.330,6.573739444444449
Ga0.723In0.191Sn0.086,5.4337222222222366
Ga0.505In0.019Sn0.476,5.024734166666671
Ga0.344In0.322Sn0.334,6.214161944444452
Ga0.192In0.158Sn0.650,5.678181944444461
Ga0.319In0.310Sn0.371,6.212733055555565
Ga0.336In0.305Sn0.359,6.150983055555564
Ga0.122In0.276Sn0.602,5.888174444444457
Ga0.323In0.284Sn0.393,6.153909166666675
Ga0.499In0.133Sn0.368,5.442267222222228
Ga0.239In0.381Sn0.380,6.574301666666675
Ga0.456In0.228Sn0.316,5.929133888888898
Ga0.030In0.911Sn0.059,4.48321416666667
Ga0.234In0.433Sn0.333,6.735004722222228
Ga0.599In0.120Sn0.281,5.387443333333342
Ga0.388In0.459Sn0.153,6.25455333333334
Ga0.588In0.153Sn0.259,5.474442500000011
Ga0.690In0.143Sn0.167,5.483961666666677
Ga0.006In0.426Sn0.568,6.3508111111111125
Ga0.486In0.455Sn0.059,5.10565944444445
Ga0.376In0.121Sn0.503,5.533811666666672
Ga0.597In0.274Sn0.129,5.508498888888894
Ga0.315In0.314Sn0.371,6.220799722222231
Ga0.314In0.495Sn0.191,6.4438961111111155
Ga0.480In0.225Sn0.295,5.920673333333341
Ga0.606In0.109Sn0.285,5.347161111111119
Ga0.313In0.396Sn0.291,6.471392500000007
Ga0.143In0.312Sn0.545,6.157629444444454
Ga0.324In0.260Sn0.416,6.079674166666675
Ga0.051In0.512Sn0.437,6.836195000000001
Ga0.408In0.033Sn0.559,5.23193
Ga0.593In0.265Sn0.142,5.633780833333342
Ga0.372In0.224Sn0.404,6.056907500000007
Ga0.310In0.389Sn0.301,6.512506388888898
Ga0.217In0.305Sn0.478,6.3997416666666735
Ga0.323In0.294Sn0.383,6.179528611111119
Ga0.403In0.369Sn0.228,6.308388055555563
Ga0.277In0.275Sn0.448,6.1796719444444514
Ga0.285In0.383Sn0.332,6.383703611111118
Ga0.292In0.427Sn0.281,6.431914722222228
Ga0.406In0.210Sn0.384,5.918096944444453
Ga0.546In0.289Sn0.165,5.853390555555564
Ga0.294In0.351Sn0.355,6.207963333333342
Ga0.464In0.146Sn0.390,5.583793333333339
Ga0.226In0.199Sn0.575,6.147341944444455
Ga0.460In0.142Sn0.398,5.600771666666673
Ga0.293In0.387Sn0.320,6.382392500000008
Ga0.446In0.164Sn0.390,5.693176666666676
Ga0.379In0.520Sn0.101,5.874807500000005
Ga0.634In0.239Sn0.127,5.504368055555565
Ga0.171In0.467Sn0.362,6.6712544444444495
Ga0.560In0.417Sn0.023,4.63923722222223
Ga0.485In0.309Sn0.206,6.078438333333341
Ga0.404In0.090Sn0.506,5.364674166666669
Ga0.404In0.239Sn0.357,5.9480547222222295
Ga0.203In0.046Sn0.751,5.01384194444444
Ga0.088In0.502Sn0.410,6.729608055555556
Ga0.336In0.554Sn0.110,5.953193611111118
Ga0.423In0.189Sn0.388,5.909201944444453
Ga0.663In0.303Sn0.034,4.708677361111123
Ga0.388In0.486Sn0.126,6.093267500000004
Ga0.265In0.101Sn0.634,5.453478055555562
Ga0.782In0.051Sn0.167,5.661720555555568
Ga0.505In0.349Sn0.146,5.90150583333334
Ga0.455In0.360Sn0.185,6.142534166666675
Ga0.415In0.191Sn0.394,5.924368611111119
Ga0.470In0.493Sn0.037,4.9846955555555645
Ga0.481In0.374Sn0.145,6.0084497222222275
Ga0.370In0.313Sn0.317,6.25617611111112
Ga0.313In0.391Sn0.296,6.513694722222231
Ga0.396In0.167Sn0.437,5.749685000000008
Ga0.064In0.483Sn0.453,6.680153055555557
Ga0.165In0.526Sn0.309,6.775789444444446
Ga0.271In0.332Sn0.397,6.2831438888888975
Ga0.215In0.368Sn0.417,6.601036111111119
Ga0.093In0.335Sn0.572,5.97503611111112
Ga0.164In0.482Sn0.354,6.725241666666671
Ga0.030In0.403Sn0.567,6.20937055555556
Ga0.028In0.804Sn0.168,5.593125277777779
Ga0.207In0.429Sn0.364,6.619984722222228
Ga0.597In0.211Sn0.192,5.701029444444453
Ga0.184In0.431Sn0.385,6.684914722222228
Ga0.638In0.307Sn0.055,4.937435694444454
Ga0.265In0.465Sn0.270,6.606170555555561
Ga0.523In0.025Sn0.452,4.995965000000004
Ga0.155In0.381Sn0.464,6.508625277777785
Ga0.257In0.358Sn0.385,6.503398333333343
Ga0.438In0.375Sn0.187,6.182333611111118
Ga0.435In0.546Sn0.019,4.895455972222229
Ga0.044In0.373Sn0.583,6.016350555555562
Ga0.686In0.266Sn0.048,4.917526250000014
Ga0.390In0.478Sn0.132,6.126376388888895
Ga0.233In0.275Sn0.492,6.328078055555562
Ga0.318In0.368Sn0.314,6.374726944444453
Ga0.118In0.237Sn0.645,5.605810833333346
Ga0.311In0.532Sn0.157,6.329610277777784
Ga0.277In0.374Sn0.349,6.3603219444444505
Ga0.440In0.454Sn0.106,5.734886944444448
Ga0.330In0.158Sn0.512,5.727400277777787
Ga0.081In0.511Sn0.408,6.636996944444446
Ga0.519In0.398Sn0.083,5.328858888888894
Ga0.167In0.299Sn0.534,6.323405555555564
Ga0.256In0.283Sn0.461,6.312443333333341
Ga0.323In0.322Sn0.355,6.128692500000009
Ga0.624In0.220Sn0.156,5.5821980555555655
Ga0.536In0.417Sn0.047,4.949750555555564
Ga0.093In0.438Sn0.469,6.480915833333336
Ga0.045In0.717Sn0.238,6.29143138888889
Ga0.531In0.342Sn0.127,5.70768333333334
Ga0.087In0.284Sn0.629,5.6670561111111235
Ga0.190In0.420Sn0.390,6.666729166666672
Ga0.496In0.360Sn0.144,5.997486666666672
Ga0.318In0.624Sn0.058,5.384117083333339
Ga0.377In0.587Sn0.036,5.171145138888895
Ga0.157In0.479Sn0.364,6.725776111111116
Ga0.251In0.075Sn0.674,5.253358333333336
Ga0.622In0.334Sn0.044,4.783777083333344
Ga0.024In0.231Sn0.745,5.002230000000014
Ga0.233In0.283Sn0.484,6.376662500000007
Ga0.222In0.242Sn0.536,6.238889166666676
Ga0.458In0.251Sn0.291,5.949863333333342
Ga0.468In0.210Sn0.322,5.848048333333342
Ga0.015In0.369Sn0.616,5.955695277777786
Ga0.436In0.516Sn0.048,5.201336250000008
Ga0.302In0.336Sn0.362,6.1251997222222325
Ga0.479In0.331Sn0.190,6.005293888888897
Ga0.338In0.229Sn0.433,5.958063611111118
Ga0.351In0.089Sn0.560,5.471938888888889
Ga0.217In0.116Sn0.667,5.46851750000001
Ga0.485In0.495Sn0.020,4.789209444444452
Ga0.047In0.624Sn0.329,6.662719722222227
Ga0.412In0.350Sn0.238,6.274111666666675
Ga0.351In0.242Sn0.407,6.097475277777786
Ga0.525In0.360Sn0.115,5.669696111111118
Ga0.462In0.267Sn0.271,6.022082777777787
Ga0.311In0.458Sn0.231,6.431951388888894
Ga0.463In0.499Sn0.038,5.023133472222232
Ga0.133In0.499Sn0.368,6.683967777777782
Ga0.646In0.029Sn0.325,5.027648333333341
Ga0.425In0.177Sn0.398,5.851486111111121
Ga0.242In0.203Sn0.555,6.160271388888899
Ga0.250In0.554Sn0.196,6.625330000000006
Ga0.110In0.666Sn0.224,6.209174166666667
Ga0.500In0.041Sn0.459,5.043031944444447
Ga0.466In0.319Sn0.215,6.094470555555564
Ga0.526In0.151Sn0.323,5.501356388888897
Ga0.378In0.562Sn0.060,5.473000972222228
Ga0.153In0.219Sn0.628,5.844150555555569
Ga0.151In0.375Sn0.474,6.443086388888895
Ga0.160In0.474Sn0.366,6.70240944444445
Ga0.422In0.031Sn0.547,5.2008316666666685
Ga0.145In0.806Sn0.049,4.738359027777782
Ga0.173In0.378Sn0.449,6.547576388888896
Ga0.119In0.458Sn0.423,6.6355994444444475
Ga0.162In0.202Sn0.636,5.876426111111126
Ga0.165In0.368Sn0.467,6.530387500000006
Ga0.164In0.447Sn0.389,6.633331111111115
Ga0.321In0.655Sn0.024,4.998045833333341
Ga0.355In0.323Sn0.322,6.262985000000009
Ga0.274In0.092Sn0.634,5.372786666666671
Ga0.231In0.463Sn0.306,6.755820833333339
Ga0.140In0.168Sn0.692,5.302319722222239
Ga0.354In0.239Sn0.407,6.094664166666675
Ga0.471In0.067Sn0.462,5.185628055555557
Ga0.274In0.650Sn0.076,5.512593888888893
Ga0.341In0.001Sn0.658,5.123416944444446
Ga0.532In0.156Sn0.312,5.566956388888898
Ga0.328In0.151Sn0.521,5.769764722222232
Ga0.646In0.036Sn0.318,5.041476111111119
Ga0.226In0.204Sn0.570,6.141491944444456
Ga0.238In0.492Sn0.270,6.816819444444447
Ga0.424In0.565Sn0.011,4.847788194444451
Ga0.400In0.315Sn0.285,6.26596111111112
Ga0.004In0.154Sn0.842,4.412661944444456
Ga0.620In0.219Sn0.161,5.551930833333343
Ga0.281In0.240Sn0.479,6.0192219444444515
Ga0.223In0.486Sn0.291,6.814295833333338
Ga0.106In0.228Sn0.666,5.30157055555557
Ga0.406In0.537Sn0.057,5.352328194444451
Ga0.411In0.185Sn0.404,5.919318888888896
Ga0.755In0.056Sn0.189,5.574801666666677
Ga0.388In0.548Sn0.064,5.52752694444445
Ga0.326In0.354Sn0.320,6.303698888888899
Ga0.381In0.198Sn0.421,5.969659166666675
Ga0.454In0.396Sn0.150,6.106256388888895
Ga0.561In0.382Sn0.057,4.947811666666674
Ga0.350In0.625Sn0.025,5.1097761111111195
Ga0.597In0.129Sn0.274,5.394353888888896
Ga0.410In0.139Sn0.451,5.533209444444451
Ga0.146In0.848Sn0.006,4.417843888888892
Ga0.473In0.180Sn0.347,5.694189444444453
Ga0.257In0.279Sn0.464,6.28672222222223
Ga0.068In0.126Sn0.806,4.353391111111118
Ga0.325In0.061Sn0.614,5.325220555555553
Ga0.346In0.590Sn0.064,5.600826111111117
Ga0.246In0.283Sn0.471,6.311908333333341
Ga0.312In0.240Sn0.448,6.042760277777787
Ga0.062In0.467Sn0.471,6.646259444444446
Ga0.309In0.267Sn0.424,6.12482861111112
Ga0.365In0.459Sn0.176,6.2640361111111185
Ga0.465In0.124Sn0.411,5.449361388888893
Ga0.565In0.199Sn0.236,5.722305833333344
Ga0.368In0.182Sn0.450,5.86645722222223
Ga0.519In0.186Sn0.295,5.741630833333343
Ga0.299In0.662Sn0.039,5.199818750000006
Ga0.056In0.278Sn0.666,5.465503333333348
Ga0.229In0.521Sn0.250,6.775908333333336
Ga0.186In0.296Sn0.518,6.356664444444454
Ga0.517In0.005Sn0.478,4.924765833333336
Ga0.440In0.351Sn0.209,6.225712777777786
Ga0.319In0.238Sn0.443,6.022376944444453
Ga0.302In0.243Sn0.455,5.960282500000008
Ga0.312In0.154Sn0.534,5.7519688888889
Ga0.557In0.006Sn0.437,4.854261944444448
Ga0.037In0.572Sn0.391,6.683912500000003
Ga0.176In0.375Sn0.449,6.562454166666674
Ga0.409In0.278Sn0.313,6.181600000000009
Ga0.372In0.249Sn0.379,6.049856388888897
Ga0.432In0.428Sn0.140,6.129499444444448
Ga0.049In0.842Sn0.109,5.080365833333337
Ga0.420In0.344Sn0.236,6.276812222222231
Ga0.075In0.382Sn0.543,6.1551836111111164
Ga0.264In0.719Sn0.017,4.9883341666666725
Ga0.441In0.384Sn0.175,6.126401388888897
Ga0.318In0.370Sn0.312,6.376032500000009
Ga0.409In0.056Sn0.535,5.270703333333333
Ga0.197In0.690Sn0.113,5.808775555555559
Ga0.049In0.130Sn0.821,4.310269166666674
Ga0.413In0.231Sn0.356,5.90364972222223
Ga0.034In0.671Sn0.295,6.658498055555561
Ga0.172In0.427Sn0.401,6.7465516666666705
Ga0.292In0.345Sn0.363,6.189515555555565
Ga0.380In0.401Sn0.219,6.4224775000000065
Ga0.222In0.606Sn0.172,6.383614444444451
Ga0.562In0.236Sn0.202,5.768090277777788
Ga0.261In0.155Sn0.584,5.855202500000012
Ga0.767In0.216Sn0.017,5.131519583333348
Ga0.389In0.226Sn0.385,5.992888055555564
Ga0.475In0.342Sn0.183,5.9681130555555635
Ga0.414In0.197Sn0.389,5.9177541666666755
Ga0.510In0.072Sn0.418,5.236925555555556
Ga0.374In0.414Sn0.212,6.453178055555562
Ga0.095In0.386Sn0.519,6.246368333333337
Ga0.273In0.272Sn0.455,6.189105277777785
Ga0.227In0.241Sn0.532,6.2484502777777875
Ga0.355In0.301Sn0.344,6.1919258333333405
Ga0.482In0.508Sn0.010,4.7225400000000075
Ga0.268In0.268Sn0.464,6.182771666666675
Ga0.391In0.343Sn0.266,6.353474444444454
Ga0.198In0.530Sn0.272,6.724310555555558
Ga0.161In0.585Sn0.254,6.529527500000004
Ga0.226In0.564Sn0.210,6.61698194444445
Ga0.308In0.548Sn0.144,6.319535277777783
Ga0.064In0.393Sn0.543,6.245238888888894
Ga0.229In0.194Sn0.577,6.147809166666678
Ga0.880In0.078Sn0.042,5.442557500000022
Ga0.094In0.362Sn0.544,6.181871944444451
Ga0.096In0.249Sn0.655,5.446711944444458
Ga0.214In0.217Sn0.569,6.158060277777788
Ga0.185In0.272Sn0.543,6.3324991666666754
Ga0.025In0.357Sn0.618,5.937581388888899
Ga0.181In0.087Sn0.732,5.113707222222224
Ga0.475In0.010Sn0.515,5.096780277777779
Ga0.368In0.425Sn0.207,6.450710833333339
Ga0.219In0.347Sn0.434,6.520761944444453
Ga0.142In0.381Sn0.477,6.399596388888895
Ga0.735In0.228Sn0.037,5.08703180555557
Ga0.316In0.502Sn0.182,6.395843333333338
Ga0.494In0.505Sn0.001,4.619307500000008
Ga0.102In0.496Sn0.402,6.683326388888891
Ga0.113In0.237Sn0.650,5.53465416666668
Ga0.408In0.232Sn0.360,5.9367463888888965
Ga0.236In0.136Sn0.628,5.720277222222233
Ga0.207In0.462Sn0.331,6.718553611111116
Ga0.092In0.671Sn0.237,6.252122777777781
Ga0.556In0.028Sn0.416,5.0311463888888905
Ga0.464In0.531Sn0.005,4.6444915277777845
Ga0.114In0.477Sn0.409,6.644501111111116
Ga0.243In0.098Sn0.659,5.456676111111118
Ga0.469In0.106Sn0.425,5.326530277777783
Ga0.447In0.407Sn0.146,6.128332222222228
Ga0.413In0.418Sn0.169,6.179436666666672
Ga0.263In0.118Sn0.619,5.60074500000001
Ga0.255In0.547Sn0.198,6.634254722222229
Ga0.336In0.381Sn0.283,6.442121388888897
Ga0.795In0.011Sn0.194,5.680018333333347
Ga0.349In0.296Sn0.355,6.172651388888897
Ga0.504In0.332Sn0.164,5.874963055555564
Ga0.028In0.473Sn0.499,6.765583055555556
Ga0.089In0.910Sn0.001,4.012430416666667
Ga0.199In0.630Sn0.171,6.316682777777782
Ga0.413In0.012Sn0.575,5.271693611111111
Ga0.498In0.410Sn0.092,5.478050277777783
Ga0.589In0.077Sn0.334,5.17180916666667
Ga0.474In0.491Sn0.035,4.962570555555565
Ga0.210In0.376Sn0.414,6.579316111111118
Ga0.064In0.412Sn0.524,6.3443591666666705
Ga0.327In0.447Sn0.226,6.375671388888895
Ga0.573In0.120Sn0.307,5.323326666666673
Ga0.177In0.522Sn0.301,6.833425277777781
Ga0.190In0.299Sn0.511,6.356901111111119
Ga0.357In0.615Sn0.028,5.177730138888896
Ga0.346In0.095Sn0.559,5.52721166666667
Ga0.417In0.380Sn0.203,6.367316666666674
Ga0.228In0.414Sn0.358,6.627828611111118
Ga0.216In0.183Sn0.601,6.059799444444459
Ga0.500In0.176Sn0.324,5.62508500000001
Ga0.144In0.397Sn0.459,6.424982222222227
Ga0.271In0.471Sn0.258,6.568815000000006
Ga0.349In0.279Sn0.372,6.178208055555563
Ga0.107In0.356Sn0.537,6.176531944444451
Ga0.385In0.449Sn0.166,6.231722777777784
Ga0.102In0.793Sn0.105,5.064917500000005
Ga0.474In0.146Sn0.380,5.571130000000006
Ga0.527In0.187Sn0.286,5.764334166666676
Ga0.192In0.307Sn0.501,6.389777500000008
Ga0.259In0.188Sn0.553,6.075882777777789
Ga0.449In0.502Sn0.049,5.164255694444452
Ga0.341In0.347Sn0.312,6.330093888888898
Ga0.236In0.477Sn0.287,6.7740152777777825
Ga0.551In0.102Sn0.347,5.227957777777783
Ga0.088In0.227Sn0.685,5.240757222222237
Ga0.435In0.244Sn0.321,6.018227222222231
Ga0.255In0.179Sn0.566,5.984564444444456
Ga0.010In0.335Sn0.655,5.666296944444458
Ga0.030In0.515Sn0.455,6.846733333333332
Ga0.254In0.399Sn0.347,6.586769166666674
Ga0.332In0.142Sn0.526,5.733285277777785
Ga0.367In0.084Sn0.549,5.403918333333334
Ga0.157In0.193Sn0.650,5.808474166666682
Ga0.420In0.238Sn0.342,5.980021944444452
Ga0.424In0.556Sn0.020,4.9042129166666735
Ga0.026In0.437Sn0.537,6.477340555555557
Ga0.685In0.149Sn0.166,5.510723055555566
Ga0.265In0.363Sn0.372,6.394674444444454
Ga0.445In0.327Sn0.228,6.151086666666676
Ga0.302In0.167Sn0.531,5.775482222222234
Ga0.560In0.373Sn0.067,5.136581111111116
Ga0.627In0.011Sn0.362,4.941272500000007
Ga0.052In0.718Sn0.230,6.279641666666668
Ga0.312In0.346Sn0.342,6.241101666666676
Ga0.564In0.008Sn0.428,4.864712500000004
Ga0.610In0.235Sn0.155,5.687156944444454
Ga0.401In0.217Sn0.382,5.94161472222223
Ga0.368In0.550Sn0.082,5.63288944444445
Ga0.005In0.482Sn0.513,6.797063055555556
Ga0.148In0.266Sn0.586,6.048649444444455
Ga0.286In0.423Sn0.291,6.489744722222227
Ga0.333In0.343Sn0.324,6.270061944444455
Ga0.309In0.375Sn0.316,6.425011944444454
Ga0.559In0.238Sn0.203,5.794555555555566
Ga0.163In0.739Sn0.098,5.472107500000003
Ga0.846In0.067Sn0.087,5.595322222222237
Ga0.408In0.121Sn0.471,5.443453055555562
Ga0.250In0.366Sn0.384,6.493764444444453
Ga0.283In0.142Sn0.575,5.74089500000001
Ga0.247In0.476Sn0.277,6.772901944444451
Ga0.254In0.261Sn0.485,6.233546944444453
Ga0.030In0.748Sn0.222,6.121472777777776
Ga0.203In0.585Sn0.212,6.539095277777782
Ga0.294In0.540Sn0.166,6.345835277777784
Ga0.145In0.394Sn0.461,6.455643888888894
Ga0.260In0.179Sn0.561,5.939024166666679
Ga0.443In0.471Sn0.086,5.484728888888894
Ga0.676In0.221Sn0.103,5.397604166666678
Ga0.310In0.421Sn0.269,6.479657777777785
Ga0.296In0.508Sn0.196,6.519796111111116
Ga0.150In0.521Sn0.329,6.81228888888889
Ga0.103In0.402Sn0.495,6.36648277777778
Ga0.023In0.793Sn0.184,5.746157222222222
Ga0.041In0.157Sn0.802,4.53031166666668
Ga0.451In0.101Sn0.448,5.376371111111117
Ga0.419In0.504Sn0.077,5.5659169444444485
Ga0.268In0.369Sn0.363,6.353147222222231
Ga0.178In0.593Sn0.229,6.520237500000004
Ga0.062In0.494Sn0.444,6.7680194444444455
Ga0.334In0.471Sn0.195,6.407808055555562
Ga0.045In0.138Sn0.817,4.407882777777789
Ga0.372In0.212Sn0.416,6.008104722222231
Ga0.329In0.157Sn0.514,5.727400277777787
Ga0.332In0.249Sn0.419,6.036652500000009
Ga0.380In0.222Sn0.398,6.057274166666675
Ga0.365In0.538Sn0.097,5.819202777777783
Ga0.729In0.089Sn0.182,5.532997777777787
Ga0.264In0.369Sn0.367,6.358713888888897
Ga0.139In0.609Sn0.252,6.4404813888888945
Ga0.476In0.029Sn0.495,5.046880277777781
Ga0.388In0.457Sn0.155,6.249261666666673
Ga0.160In0.697Sn0.143,6.010828888888891
Ga0.398In0.164Sn0.438,5.733243333333342
Ga0.297In0.383Sn0.320,6.349553055555563
Ga0.307In0.508Sn0.185,6.468534444444448
Ga0.514In0.401Sn0.085,5.349312500000005
Ga0.059In0.252Sn0.689,5.2723055555555725
Ga0.446In0.287Sn0.267,6.12177500000001
Ga0.120In0.289Sn0.591,5.981250555555568
Ga0.473In0.106Sn0.421,5.364348611111116
Ga0.346In0.140Sn0.514,5.689406944444451
Ga0.116In0.435Sn0.449,6.510035555555558
Ga0.585In0.307Sn0.108,5.376168611111116
Ga0.011In0.430Sn0.559,6.390804444444446
Ga0.235In0.208Sn0.557,6.16309361111112
Ga0.418In0.269Sn0.313,6.153127222222232
Ga0.040In0.586Sn0.374,6.634120833333339
Ga0.343In0.125Sn0.532,5.599687500000004
Ga0.066In0.226Sn0.708,5.101167222222236
Ga0.170In0.667Sn0.163,6.186978888888893
Ga0.370In0.134Sn0.496,5.6385100000000055
Ga0.375In0.239Sn0.386,6.041415833333342
Ga0.206In0.366Sn0.428,6.558494444444453
Ga0.306In0.236Sn0.458,6.017596388888897
Ga0.058In0.437Sn0.505,6.533380833333335
Ga0.349In0.472Sn0.179,6.315658888888896
Ga0.246In0.505Sn0.249,6.828016111111115
Ga0.004In0.484Sn0.512,6.833771944444444
Ga0.265In0.427Sn0.308,6.622115833333339
Ga0.285In0.081Sn0.634,5.3405000000000005
Ga0.591In0.219Sn0.190,5.668402500000009
Ga0.503In0.146Sn0.351,5.458827500000006
Ga0.455In0.454Sn0.091,5.548372222222226
Ga0.317In0.457Sn0.226,6.394196388888894
Ga0.458In0.234Sn0.308,5.98304611111112
Ga0.028In0.439Sn0.533,6.47801138888889
Ga0.508In0.299Sn0.193,6.008881666666675
Ga0.432In0.430Sn0.138,6.1119050000000055
Ga0.045In0.064Sn0.891,3.8396169444444452
Ga0.347In0.500Sn0.153,6.467666666666672
Ga0.442In0.072Sn0.486,5.294085833333335
Ga0.358In0.384Sn0.258,6.45633861111112
Ga0.191In0.290Sn0.519,6.340556111111121
Ga0.603In0.132Sn0.265,5.40463611111112
Ga0.113In0.702Sn0.185,6.038035833333334
Ga0.908In0.029Sn0.063,5.406653055555578
Ga0.342In0.305Sn0.353,6.139451944444453
Ga0.060In0.739Sn0.201,6.154127777777777
Ga0.281In0.377Sn0.342,6.333683611111117
Ga0.495In0.191Sn0.314,5.79577250000001
Ga0.205In0.369Sn0.426,6.558494444444453
Ga0.028In0.473Sn0.499,6.765583055555556
Ga0.275In0.426Sn0.299,6.594593611111117
Ga0.472In0.180Sn0.348,5.694189444444453
Ga0.422In0.208Sn0.370,5.9144152777777865
Ga0.040In0.360Sn0.600,6.007971666666676
Ga0.330In0.438Sn0.232,6.465293611111117
Ga0.037In0.004Sn0.959,3.781170555555553
Ga0.369In0.245Sn0.386,6.044511944444452
Ga0.387In0.441Sn0.172,6.194445000000006
Ga0.186In0.368Sn0.446,6.568812777777786
Ga0.389In0.099Sn0.512,5.481490277777782
Ga0.626In0.327Sn0.047,4.813796805555566
Ga0.560In0.226Sn0.214,5.739803055555565
Ga0.317In0.280Sn0.403,6.186178611111118
Ga0.446In0.055Sn0.499,5.175996388888889
Ga0.020In0.246Sn0.734,5.076502222222237
Ga0.284In0.643Sn0.073,5.477968055555559
Ga0.638In0.025Sn0.337,5.013820000000007
Ga0.081In0.428Sn0.491,6.325970000000002
Ga0.491In0.057Sn0.452,5.139583055555557
Ga0.488In0.201Sn0.311,5.886444166666677
Ga0.181In0.383Sn0.436,6.586582222222229
Ga0.385In0.599Sn0.016,5.004252500000006
Ga0.551In0.418Sn0.031,4.751805277777786
Ga0.003In0.566Sn0.431,6.835821666666667
Ga0.332In0.059Sn0.609,5.335090833333331
Ga0.500In0.460Sn0.040,4.9476852777777856
Ga0.084In0.780Sn0.136,5.406284722222224
Ga0.516In0.336Sn0.148,5.850684444444451
Ga0.073In0.279Sn0.648,5.516742500000012
Ga0.371In0.197Sn0.432,5.935779166666676
Ga0.098In0.780Sn0.122,5.296260000000004
Ga0.031In0.518Sn0.451,6.824002777777777
Ga0.292In0.331Sn0.377,6.170046944444454
Ga0.027In0.054Sn0.919,3.7465324999999985
Ga0.243In0.326Sn0.431,6.4468733333333414
Ga0.671In0.080Sn0.249,5.30529000000001
Ga0.013In0.320Sn0.667,5.581937222222236
Ga0.303In0.635Sn0.062,5.485619166666671
Ga0.414In0.269Sn0.317,6.081704444444454
Ga0.186In0.439Sn0.375,6.695559166666672
Ga0.473In0.132Sn0.395,5.4543313888888925
Ga0.600In0.214Sn0.186,5.665717777777787
Ga0.542In0.006Sn0.452,4.883496944444447
Ga0.254In0.453Sn0.293,6.722484722222228
Ga0.470In0.206Sn0.324,5.830303888888897
Ga0.346In0.030Sn0.624,5.203123611111113
Ga0.090In0.406Sn0.504,6.369459444444448
Ga0.320In0.459Sn0.221,6.3932547222222285
Ga0.536In0.316Sn0.148,5.833723888888897
Ga0.622In0.231Sn0.147,5.585392500000009
Ga0.208In0.482Sn0.310,6.780395833333338
Ga0.307In0.165Sn0.528,5.819428611111122
Ga0.326In0.415Sn0.259,6.4075194444444525
Ga0.004In0.419Sn0.577,6.317850555555559
Ga0.749In0.027Sn0.224,5.5420175000000125
Ga0.553In0.235Sn0.212,5.826843055555564
Ga0.520In0.031Sn0.449,4.989453888888892
Ga0.230In0.466Sn0.304,6.768957500000006
Ga0.612In0.136Sn0.252,5.442694722222232
Ga0.171In0.136Sn0.693,5.406515833333348
Ga0.596In0.014Sn0.390,4.995434722222226
Ga0.360In0.066Sn0.574,5.394538055555552
Ga0.460In0.258Sn0.282,5.994493888888898
Ga0.736In0.148Sn0.116,5.5984458333333444
Ga0.089In0.465Sn0.446,6.568049166666668
Ga0.255In0.239Sn0.506,6.189266388888898
Ga0.285In0.346Sn0.369,6.216082222222231
Ga0.410In0.539Sn0.051,5.250764861111119
Ga0.436In0.116Sn0.448,5.456300277777785
Ga0.230In0.150Sn0.620,5.7988111111111245
Ga0.328In0.157Sn0.515,5.727400277777787
Ga0.257In0.266Sn0.477,6.243992777777787
Ga0.054In0.941Sn0.005,3.7614449999999997
Ga0.515In0.288Sn0.197,5.982858055555564
Ga0.394In0.479Sn0.127,6.076376388888894
Ga0.491In0.200Sn0.309,5.873428055555566
Ga0.036In0.599Sn0.365,6.635904722222228
Ga0.060In0.745Sn0.195,6.069631666666665
Ga0.230In0.534Sn0.236,6.688147222222227
Ga0.289In0.282Sn0.429,6.151333611111119
Ga0.728In0.036Sn0.236,5.394154166666679
Ga0.126In0.471Sn0.403,6.650798888888891
Ga0.396In0.416Sn0.188,6.281129444444451
Ga0.574In0.420Sn0.006,4.430639722222231
Ga0.362In0.072Sn0.566,5.429881666666664
Ga0.457In0.439Sn0.104,5.695811944444449
Ga0.122In0.442Sn0.436,6.5813988888888915
Ga0.339In0.293Sn0.368,6.173411944444453
Ga0.049In0.528Sn0.423,6.760882500000001
Ga0.727In0.068Sn0.205,5.53738250000001
Ga0.169In0.125Sn0.706,5.326523888888901
Ga0.070In0.248Sn0.682,5.25538777777779
Ga0.483In0.252Sn0.265,5.913550555555566
Ga0.228In0.256Sn0.516,6.2462194444444545
Ga0.389In0.357Sn0.254,6.353136388888897
Ga0.066In0.443Sn0.491,6.492408333333335
Ga0.197In0.443Sn0.360,6.6226080555555615
Ga0.257In0.263Sn0.480,6.215059444444454
Ga0.367In0.332Sn0.301,6.332795555555565
Ga0.201In0.495Sn0.304,6.8494702777777805
Ga0.197In0.537Sn0.266,6.706828611111114
Ga0.363In0.001Sn0.636,5.175206111111112
Ga0.060In0.788Sn0.152,5.612960833333334
Ga0.672In0.100Sn0.228,5.459160555555565
Ga0.739In0.042Sn0.219,5.482863611111123
Ga0.257In0.364Sn0.379,6.482183333333342
Ga0.343In0.103Sn0.554,5.570484166666671
Ga0.270In0.457Sn0.273,6.547070000000006
Ga0.155In0.699Sn0.146,5.9984244444444474
Ga0.531In0.457Sn0.012,4.64268722222223
Ga0.391In0.427Sn0.182,6.246536666666673
Ga0.354In0.266Sn0.380,6.113117500000009
Ga0.193In0.388Sn0.419,6.669704166666673
Ga0.513In0.328Sn0.159,5.846083055555563
Ga0.035In0.453Sn0.512,6.526453055555557
Ga0.324In0.356Sn0.320,6.335433055555565
Ga0.346In0.161Sn0.493,5.752175277777786
Ga0.297In0.218Sn0.485,5.887866111111119
Ga0.207In0.494Sn0.299,6.840953611111116
Ga0.356In0.220Sn0.424,5.973424166666674
Ga0.655In0.267Sn0.078,5.132000000000011
Ga0.313In0.329Sn0.358,6.173565277777787
Ga0.440In0.419Sn0.141,6.115976666666671
Ga0.361In0.332Sn0.307,6.317620555555566
Ga0.100In0.537Sn0.363,6.621773888888892
Ga0.301In0.249Sn0.450,5.974004722222231
Ga0.460In0.238Sn0.302,6.011411666666676
Ga0.494In0.030Sn0.476,5.013796944444448
Ga0.491In0.077Sn0.432,5.210121944444446
Ga0.150In0.327Sn0.523,6.2492736111111205
Ga0.510In0.403Sn0.087,5.353839722222227
Ga0.072In0.239Sn0.689,5.190929444444459
Ga0.569In0.377Sn0.054,4.891495694444451
Ga0.236In0.268Sn0.496,6.335103055555563
Ga0.441In0.454Sn0.105,5.722525833333337
Ga0.251In0.146Sn0.603,5.825383333333346
Ga0.218In0.554Sn0.228,6.6026230555555605
Ga0.178In0.563Sn0.259,6.63336194444445
Ga0.345In0.165Sn0.490,5.737314166666675
Ga0.165In0.121Sn0.714,5.280248888888899
Ga0.091In0.459Sn0.450,6.504423611111114
Ga0.162In0.438Sn0.400,6.727520555555559
Ga0.260In0.234Sn0.506,6.113450833333341
Ga0.210In0.530Sn0.260,6.700095277777782
Ga0.047In0.570Sn0.383,6.6662708333333365
Ga0.126In0.392Sn0.482,6.401942777777783
Ga0.375In0.155Sn0.470,5.650847777777786
Ga0.434In0.246Sn0.320,5.999893888888898
Ga0.500In0.291Sn0.209,6.047147500000009
Ga0.130In0.528Sn0.342,6.649066111111114
Ga0.221In0.423Sn0.356,6.614539166666673
Ga0.260In0.411Sn0.329,6.624001944444452
Ga0.108In0.423Sn0.469,6.397820833333337
Ga0.690In0.115Sn0.195,5.501679166666677
Ga0.042In0.690Sn0.268,6.508836944444447
Ga0.291In0.465Sn0.244,6.4673430555555615
Ga0.322In0.338Sn0.340,6.150964166666675
Ga0.251In0.358Sn0.391,6.530453888888898
Ga0.389In0.023Sn0.588,5.3115725000000005
Ga0.545In0.160Sn0.295,5.612758611111119
Ga0.404In0.411Sn0.185,6.2509050000000075
Ga0.217In0.261Sn0.522,6.276992777777787
Ga0.504In0.477Sn0.019,4.747283333333342
Ga0.275In0.286Sn0.439,6.226406944444452
Ga0.579In0.393Sn0.028,4.602909861111119
Ga0.443In0.166Sn0.391,5.702493333333342
Ga0.312In0.205Sn0.483,5.910469166666675
Ga0.190In0.417Sn0.393,6.657737500000005
Ga0.135In0.329Sn0.536,6.177677777777787
Ga0.183In0.343Sn0.474,6.463370277777787
Ga0.430In0.231Sn0.339,5.913202500000007
Ga0.863In0.049Sn0.088,5.543034166666685
Ga0.394In0.405Sn0.201,6.418936388888897
Ga0.385In0.192Sn0.423,5.906934166666674
Ga0.336In0.207Sn0.457,5.906063055555563
Ga0.328In0.566Sn0.106,5.909174166666672
Ga0.144In0.541Sn0.315,6.709498888888892
Ga0.105In0.374Sn0.521,6.172310000000006
Ga0.283In0.619Sn0.098,5.785637500000003
Ga0.343In0.238Sn0.419,6.06639972222223
Ga0.006In0.327Sn0.667,5.611872222222236
Ga0.437In0.492Sn0.071,5.436120833333339
Ga0.291In0.659Sn0.050,5.277247083333339
Ga0.135In0.299Sn0.566,6.096582222222232
Ga0.192In0.468Sn0.340,6.706451388888894
Ga0.601In0.051Sn0.348,5.010978888888893
Ga0.511In0.286Sn0.203,6.01680861111112
Ga0.572In0.120Sn0.308,5.33069333333334
Ga0.411In0.394Sn0.195,6.342155000000008
Ga0.157In0.398Sn0.445,6.638975555555561
Ga0.235In0.395Sn0.370,6.5807875000000084
Ga0.322In0.223Sn0.455,5.9129275000000066
Ga0.173In0.210Sn0.617,5.970626111111125
Ga0.352In0.233Sn0.415,6.067111388888896
Ga0.196In0.477Sn0.327,6.784434722222229
Ga0.499In0.138Sn0.363,5.442769722222229
Ga0.390In0.394Sn0.216,6.425648055555563
Ga0.575In0.020Sn0.405,5.027449722222226
Ga0.326In0.334Sn0.340,6.150964166666675
Ga0.392In0.092Sn0.516,5.4120869444444475
Ga0.554In0.128Sn0.318,5.316347222222228
Ga0.091In0.452Sn0.457,6.462673611111113
Ga0.318In0.308Sn0.374,6.207625277777786
Ga0.248In0.397Sn0.355,6.552383611111118
Ga0.447In0.512Sn0.041,5.134107361111119
Ga0.103In0.489Sn0.408,6.670573611111114
Ga0.028In0.281Sn0.691,5.3567141666666815
Ga0.274In0.594Sn0.132,6.169725833333339
Ga0.056In0.385Sn0.559,6.187734722222228
Ga0.619In0.096Sn0.285,5.235399166666675
Ga0.113In0.676Sn0.211,6.219088055555557
Ga0.397In0.209Sn0.394,5.964821944444453
Ga0.691In0.161Sn0.148,5.55946027777779
Ga0.054In0.529Sn0.417,6.792046388888891
Ga0.085In0.461Sn0.454,6.5222402777777795
Ga0.138In0.751Sn0.111,5.4326652777777795
Ga0.618In0.350Sn0.032,4.665971805555565
Ga0.428In0.109Sn0.463,5.461206388888896
Ga0.355In0.421Sn0.224,6.450196944444451
Ga0.336In0.454Sn0.210,6.396605833333339
Ga0.399In0.241Sn0.360,5.979865833333342
Ga0.898In0.082Sn0.020,5.227241944444469
In0.772Sn0.228,6.036563055555556
Ga0.422In0.085Sn0.493,5.355863055555557
Ga0.531In0.086Sn0.383,5.235844444444447
Ga0.172In0.248Sn0.580,6.152453888888899
Ga0.352In0.281Sn0.367,6.133708611111119
Ga0.087In0.430Sn0.483,6.425628611111113
Ga0.026In0.401Sn0.573,6.210374722222226
Ga0.157In0.216Sn0.627,5.898470000000014
Ga0.424In0.275Sn0.301,6.171005000000009
Ga0.155In0.265Sn0.580,6.125219444444454
Ga0.432In0.085Sn0.483,5.324929444444446
Ga0.627In0.162Sn0.211,5.5966247222222325
Ga0.053In0.346Sn0.601,5.893976944444455
Ga0.312In0.340Sn0.348,6.1880436111111194
Ga0.188In0.081Sn0.731,5.156773888888889
Ga0.320In0.634Sn0.046,5.248074027777784
Ga0.404In0.278Sn0.318,6.117183333333341
Ga0.358In0.308Sn0.334,6.22780583333334
Ga0.138In0.586Sn0.276,6.5320522222222275
Ga0.540In0.442Sn0.018,4.687671388888897
Ga0.355In0.175Sn0.470,5.775341666666676
Ga0.636In0.352Sn0.012,4.665167916666677
Ga0.225In0.003Sn0.772,5.047054166666666
Ga0.167In0.642Sn0.191,6.263253055555558
Ga0.546In0.343Sn0.111,5.553165000000006
Ga0.098In0.251Sn0.651,5.465230833333346
Ga0.331In0.068Sn0.601,5.409461944444444
Ga0.148In0.163Sn0.689,5.346635833333352
Ga0.568In0.393Sn0.039,4.813272638888896
Ga0.735In0.094Sn0.171,5.556851111111121
Ga0.366In0.483Sn0.151,6.3833305555555615
Ga0.191In0.334Sn0.475,6.458671111111119
Ga0.161In0.392Sn0.447,6.62066444444445
Ga0.411In0.353Sn0.236,6.3046338888888975
Ga0.465In0.491Sn0.044,5.062705694444454
Ga0.703In0.100Sn0.197,5.499447777777786
Ga0.426In0.554Sn0.020,4.9042129166666735
Ga0.077In0.513Sn0.410,6.662721944444446
Ga0.042In0.725Sn0.233,6.257811944444445
Ga0.312In0.331Sn0.357,6.16544861111112
Ga0.081In0.615Sn0.304,6.530222777777782
Ga0.199In0.099Sn0.702,5.3663444444444535
Ga0.499In0.322Sn0.179,5.8758075000000085
Ga0.798In0.125Sn0.077,5.5896252777777935
Ga0.267In0.542Sn0.191,6.458631666666672
Ga0.450In0.212Sn0.338,5.82109472222223
Ga0.727In0.097Sn0.176,5.601768333333343
Ga0.344In0.581Sn0.075,5.593713055555559
Ga0.140In0.386Sn0.474,6.435936388888894
Ga0.061In0.354Sn0.585,6.095458611111118
Ga0.312In0.166Sn0.522,5.818138611111122
Ga0.410In0.167Sn0.423,5.67441222222223
Ga0.031In0.329Sn0.640,5.7139788888889
Ga0.146In0.532Sn0.322,6.781600000000003
Ga0.437In0.402Sn0.161,6.128385000000007
Ga0.236In0.407Sn0.357,6.642891944444451
Ga0.661In0.124Sn0.215,5.5017119444444536
Ga0.393In0.227Sn0.380,6.024938055555563
Ga0.305In0.464Sn0.231,6.473621388888895
Ga0.429In0.517Sn0.054,5.2794591666666735
Ga0.407In0.260Sn0.333,6.03913750000001
Ga0.221In0.444Sn0.335,6.685115277777783
Ga0.407In0.321Sn0.272,6.23205750000001
Ga0.367In0.227Sn0.406,6.065045833333341
Ga0.287In0.343Sn0.370,6.2119155555555645
Ga0.174In0.199Sn0.627,5.911048888888903
Ga0.324In0.300Sn0.376,6.194414166666674
Ga0.265In0.589Sn0.146,6.334031666666672
Ga0.433In0.542Sn0.025,4.954322361111118
Ga0.288In0.338Sn0.374,6.1980191666666755
Ga0.518In0.147Sn0.335,5.486163888888895
Ga0.424In0.169Sn0.407,5.808297777777786
Ga0.372In0.139Sn0.489,5.610957500000006
Ga0.341In0.508Sn0.151,6.406721666666671
Ga0.110In0.327Sn0.563,5.932842777777785
Ga0.550In0.233Sn0.217,5.826661388888898
Ga0.384In0.273Sn0.343,6.075958611111118
Ga0.639In0.250Sn0.111,5.396361944444455
Ga0.585In0.169Sn0.246,5.524064444444455
Ga0.026In0.579Sn0.395,6.693850000000004
Ga0.355In0.259Sn0.386,6.059943055555564
Ga0.661In0.085Sn0.254,5.284926666666675
Ga0.481In0.174Sn0.345,5.63856611111112
Ga0.332In0.605Sn0.063,5.498261666666672
Ga0.359In0.357Sn0.284,6.456694166666676
Ga0.424In0.379Sn0.197,6.330541111111118
Ga0.533In0.399Sn0.068,5.234601944444449
Ga0.338In0.318Sn0.344,6.1718480555555635
Ga0.533In0.001Sn0.466,4.897333055555557
Ga0.351In0.458Sn0.191,6.344005555555563
Ga0.189In0.128Sn0.683,5.377068055555568
Ga0.111In0.484Sn0.405,6.687545833333337
Ga0.225In0.181Sn0.594,6.03022555555557
Ga0.577In0.104Sn0.319,5.239900555555563
Ga0.038In0.189Sn0.773,4.824135555555569
Ga0.133In0.512Sn0.355,6.682172777777781
Ga0.207In0.728Sn0.065,5.394901805555559
Ga0.415In0.312Sn0.273,6.242529166666675
Ga0.114In0.463Sn0.423,6.5979177777777815
Ga0.150In0.551Sn0.299,6.714105000000004
Ga0.087In0.684Sn0.229,6.240228055555557
Ga0.491In0.463Sn0.046,5.0034680555555635
Ga0.649In0.188Sn0.163,5.584798888888899
Ga0.804In0.066Sn0.130,5.776211666666679
Ga0.259In0.186Sn0.555,6.075882777777789
Ga0.090In0.410Sn0.500,6.382601111111115
Ga0.369In0.293Sn0.338,6.184475277777785
Ga0.373In0.382Sn0.245,6.435965833333342
Ga0.424In0.084Sn0.492,5.341001944444446
Ga0.277In0.253Sn0.470,6.061935277777786
Ga0.306In0.376Sn0.318,6.395800833333342
Ga0.223In0.337Sn0.440,6.483235555555564
Ga0.213In0.625Sn0.162,6.323266111111115
Ga0.498In0.242Sn0.260,5.865556944444456
Ga0.303In0.314Sn0.383,6.192605833333343
Ga0.496In0.371Sn0.133,5.870810555555562
Ga0.203In0.453Sn0.344,6.632304166666671
Ga0.267In0.624Sn0.109,5.9198808333333375
Ga0.048In0.509Sn0.443,6.823497777777777
Ga0.430In0.251Sn0.319,5.99334111111112
Ga0.160In0.551Sn0.289,6.685272777777781
Ga0.410In0.120Sn0.470,5.410008611111118
Ga0.107In0.434Sn0.459,6.420271944444447
Ga0.228In0.427Sn0.345,6.678266388888894
Ga0.405In0.246Sn0.349,5.940551944444453
Ga0.473In0.465Sn0.062,5.228131388888894
Ga0.426In0.432Sn0.142,6.1749016666666705
Ga0.142In0.540Sn0.318,6.715854444444448
Ga0.359In0.357Sn0.284,6.456694166666676
Ga0.315In0.218Sn0.467,5.938212500000007
Ga0.640In0.326Sn0.034,4.7631834722222335
Ga0.387In0.177Sn0.436,5.775802222222231
Ga0.068In0.452Sn0.480,6.496643055555557
Ga0.344In0.088Sn0.568,5.462806111111111
Ga0.155In0.334Sn0.511,6.329069722222231
Ga0.276In0.437Sn0.287,6.573687500000004
Ga0.525In0.136Sn0.339,5.400898333333339
Ga0.037In0.327Sn0.636,5.723665833333345
Ga0.326In0.313Sn0.361,6.151704722222232
Ga0.338In0.422Sn0.240,6.433068611111118
Ga0.345In0.119Sn0.536,5.5843913888888945
Ga0.182In0.561Sn0.257,6.611774444444449
Ga0.923In0.051Sn0.026,5.192666666666693
Ga0.513In0.095Sn0.392,5.304584166666671
Ga0.460In0.227Sn0.313,5.952267222222232
Ga0.159In0.755Sn0.086,5.307077500000003
Ga0.813In0.089Sn0.098,5.747930555555569
Ga0.483In0.253Sn0.264,5.898583888888899
Ga0.629In0.021Sn0.350,4.981453333333341
Ga0.275In0.572Sn0.153,6.4132400000000045
Ga0.174In0.442Sn0.384,6.647753888888894
Ga0.350In0.369Sn0.281,6.448496944444452
Ga0.733In0.083Sn0.184,5.552377222222232
Ga0.151In0.496Sn0.353,6.75492666666667
Ga0.032In0.425Sn0.543,6.395208333333335
Ga0.442In0.242Sn0.316,5.974378333333343
Ga0.165In0.399Sn0.436,6.65739055555556
Ga0.395In0.167Sn0.438,5.757441666666676
Ga0.387In0.322Sn0.291,6.278629444444453
Ga0.251In0.748Sn0.001,4.884352916666673
Ga0.476In0.350Sn0.174,5.966358888888896
Ga0.271In0.405Sn0.324,6.55451583333334
Ga0.123In0.408Sn0.469,6.478798333333337
Ga0.194In0.396Sn0.410,6.654084722222228
Ga0.100In0.581Sn0.319,6.598789444444448
Ga0.381In0.295Sn0.324,6.23167111111112
Ga0.728In0.157Sn0.115,5.573271944444457
Ga0.064In0.485Sn0.451,6.69991638888889
Ga0.348In0.324Sn0.328,6.264957222222232
Ga0.205In0.446Sn0.349,6.635840277777784
Ga0.338In0.557Sn0.105,5.918097500000005
Ga0.340In0.540Sn0.120,6.036295000000005
Ga0.172In0.314Sn0.514,6.346352500000008
Ga0.405In0.071Sn0.524,5.3631030555555546
Ga0.440In0.250Sn0.310,5.993391111111122
Ga0.317In0.275Sn0.408,6.142768611111118
Ga0.287In0.204Sn0.509,5.907983333333342
Ga0.279In0.275Sn0.446,6.1895252777777845
Ga0.247In0.416Sn0.337,6.624271388888895
Ga0.829In0.098Sn0.073,5.6292033333333515
Ga0.405In0.497Sn0.098,5.780347500000005
Ga0.455In0.288Sn0.257,6.080652777777788
Ga0.187In0.716Sn0.097,5.615846388888893
Ga0.426In0.399Sn0.175,6.2092850000000075
Ga0.208In0.466Sn0.326,6.72973194444445
Ga0.323In0.134Sn0.543,5.686106388888898
Ga0.353In0.341Sn0.306,6.336176111111121
Ga0.467In0.358Sn0.175,6.043326388888897
Ga0.140In0.009Sn0.851,4.5386324999999985
Ga0.196In0.661Sn0.143,6.166383611111115
Ga0.381In0.375Sn0.244,6.385758055555565
Ga0.497In0.399Sn0.104,5.6431927777777835
Ga0.474In0.040Sn0.486,5.08730027777778
Ga0.459In0.213Sn0.328,5.855137222222231
Ga0.320In0.455Sn0.225,6.380354722222227
Ga0.211In0.290Sn0.499,6.36904972222223
Ga0.442In0.419Sn0.139,6.090355000000005
Ga0.166In0.425Sn0.409,6.723448333333336
Ga0.267In0.346Sn0.387,6.3210958333333425
Ga0.147In0.175Sn0.678,5.394573611111128
Ga0.664In0.096Sn0.240,5.398867777777787
Ga0.532In0.277Sn0.191,5.901193611111119
Ga0.239In0.444Sn0.317,6.7290675000000055
Ga0.470In0.093Sn0.437,5.25111166666667
Ga0.084In0.121Sn0.795,4.472740000000006
Ga0.296In0.397Sn0.307,6.438109166666674
Ga0.320In0.341Sn0.339,6.170144166666675
Ga0.414In0.144Sn0.442,5.6229644444444515
Ga0.254In0.281Sn0.465,6.298616666666675
Ga0.101In0.437Sn0.462,6.448276944444447
Ga0.210In0.260Sn0.530,6.279696666666675
Ga0.325In0.319Sn0.356,6.130525833333342
Ga0.403In0.130Sn0.467,5.51980194444445
Ga0.392In0.049Sn0.559,5.279035277777775
Ga0.303In0.307Sn0.390,6.195328055555564
Ga0.204In0.382Sn0.414,6.613062777777785
Ga0.216In0.751Sn0.033,5.063647222222227
Ga0.099In0.490Sn0.411,6.68920027777778
Ga0.399In0.547Sn0.054,5.301034166666674
Ga0.343In0.408Sn0.249,6.432279722222231
Ga0.459In0.342Sn0.199,6.123364166666676
Ga0.455In0.025Sn0.520,5.135048611111113
Ga0.676In0.065Sn0.259,5.250440833333343
Ga0.009In0.510Sn0.481,6.933439444444445
Ga0.043In0.439Sn0.518,6.475143888888891
Ga0.042In0.628Sn0.330,6.6622613888888935
Ga0.341In0.299Sn0.360,6.161716388888896
Ga0.255In0.179Sn0.566,5.984564444444456
Ga0.369In0.356Sn0.275,6.441405277777786
Ga0.314In0.380Sn0.306,6.443548055555564
Ga0.282In0.351Sn0.367,6.261320555555565
Ga0.556In0.364Sn0.080,5.17937444444445
Ga0.333In0.643Sn0.024,5.034512500000008
Ga0.847In0.115Sn0.038,5.36346486111113
Ga0.299In0.138Sn0.563,5.6558994444444535
Ga0.137In0.468Sn0.395,6.632232777777782
Ga0.444In0.239Sn0.317,5.941711666666676
Ga0.225In0.379Sn0.396,6.571341666666675
Ga0.705In0.284Sn0.011,4.714482916666681
Ga0.085In0.442Sn0.473,6.483609722222224
Ga0.017In0.209Sn0.774,4.883130000000013
Ga0.077In0.510Sn0.413,6.667138611111112
Ga0.570In0.154Sn0.276,5.518179722222231
Ga0.253In0.364Sn0.383,6.4766866666666765
Ga0.154In0.352Sn0.494,6.492276944444453
Ga0.388In0.442Sn0.170,6.226500555555561
Ga0.610In0.115Sn0.275,5.354060555555565
Ga0.172In0.432Sn0.396,6.687276666666671
Ga0.040In0.237Sn0.723,5.055986944444459
Ga0.540In0.016Sn0.444,5.017521388888892
Ga0.638In0.213Sn0.149,5.611113055555566
Ga0.143In0.519Sn0.338,6.745624444444447
Ga0.072In0.470Sn0.458,6.542079166666669
Ga0.530In0.047Sn0.423,5.006038888888889
Ga0.585In0.132Sn0.283,5.379487222222229
Ga0.170In0.440Sn0.390,6.681628888888893
Ga0.305In0.086Sn0.609,5.420680555555557
Ga0.058In0.542Sn0.400,6.750289722222226
Ga0.254In0.318Sn0.428,6.422151666666676
Ga0.256In0.224Sn0.520,6.1151050000000104
Ga0.320In0.112Sn0.568,5.567383055555562
Ga0.061In0.646Sn0.293,6.664989166666671
Ga0.536In0.238Sn0.226,5.859366944444454
Ga0.426In0.385Sn0.189,6.282503611111118
Ga0.591In0.314Sn0.095,5.286281666666674
Ga0.108In0.242Sn0.650,5.460573055555569
Ga0.612In0.229Sn0.159,5.62618361111112
Ga0.521In0.137Sn0.342,5.395896666666673
Ga0.083In0.449Sn0.468,6.3969875000000025
Ga0.441In0.262Sn0.297,6.045493333333343
Ga0.272In0.544Sn0.184,6.433043333333338
Ga0.336In0.288Sn0.376,6.166584166666675
Ga0.139In0.469Sn0.392,6.664843888888893
Ga0.387In0.396Sn0.217,6.396181388888896
Ga0.401In0.184Sn0.415,5.873574444444452
Ga0.642In0.333Sn0.025,4.687685416666677
Ga0.309In0.010Sn0.681,5.075506388888892
Ga0.304In0.298Sn0.398,6.287408611111119
Ga0.323In0.391Sn0.286,6.47559861111112
Ga0.488In0.012Sn0.500,5.05992666666667
Ga0.637In0.258Sn0.105,5.358171388888899
Ga0.625In0.117Sn0.258,5.283666944444456
Ga0.383In0.189Sn0.428,5.912934166666675
Ga0.357In0.632Sn0.011,4.979527083333341
Ga0.500In0.433Sn0.067,5.280434444444449
Ga0.042In0.529Sn0.429,6.785370833333334
Ga0.639In0.074Sn0.287,5.247099166666675
Ga0.052In0.851Sn0.097,4.912891111111114
Ga0.031In0.089Sn0.880,3.94816
Ga0.118In0.480Sn0.402,6.69357666666667
Ga0.119In0.446Sn0.435,6.596352222222225
Ga0.053In0.112Sn0.835,4.180294444444447
Ga0.347In0.320Sn0.333,6.274714722222232
Ga0.290Sn0.710,5.1011372222222215
Ga0.334In0.261Sn0.405,6.104737500000008
Ga0.281In0.299Sn0.420,6.2396352777777855
Ga0.013In0.241Sn0.746,5.062669444444459
Ga0.259In0.444Sn0.297,6.76622083333334
Ga0.404In0.188Sn0.408,5.897540555555563
Ga0.324In0.521Sn0.155,6.39727194444445
Ga0.317In0.383Sn0.300,6.454845277777786
Ga0.522In0.142Sn0.336,5.438698333333339
Ga0.233In0.333Sn0.434,6.4789683333333405
Ga0.339In0.644Sn0.017,4.949563194444452
Ga0.433In0.260Sn0.307,6.088515555555565
Ga0.366In0.392Sn0.242,6.479513055555564
Ga0.323In0.304Sn0.373,6.192580833333341
Ga0.335In0.216Sn0.449,5.919956944444452
Ga0.461In0.407Sn0.132,5.955377500000006
Ga0.220In0.776Sn0.004,4.690228472222229
Ga0.501In0.485Sn0.014,4.709649166666674
Ga0.116In0.684Sn0.200,6.190983611111112
Ga0.427In0.324Sn0.249,6.218550000000009
Ga0.336In0.329Sn0.335,6.184095277777786
Ga0.350In0.337Sn0.313,6.333079444444455
Ga0.011In0.429Sn0.560,6.375287777777779
Ga0.140In0.258Sn0.602,5.913937777777792
Ga0.150In0.370Sn0.480,6.410881388888896
Ga0.099In0.096Sn0.805,4.377921388888892
Ga0.337In0.342Sn0.321,6.264225833333343
Ga0.191In0.229Sn0.580,6.145488055555566
Ga0.555In0.001Sn0.444,4.872656944444446
Ga0.238In0.313Sn0.449,6.420084444444451
Ga0.447In0.174Sn0.379,5.748687777777787
Ga0.316In0.131Sn0.553,5.638420833333339
Ga0.304In0.074Sn0.622,5.356793333333335
Ga0.547In0.425Sn0.028,4.709674166666675
Ga0.431In0.490Sn0.079,5.564859166666672
Ga0.103In0.376Sn0.521,6.189246666666673
Ga0.551In0.126Sn0.323,5.32724444444445
Ga0.230In0.401Sn0.369,6.619663055555563
Ga0.083In0.334Sn0.583,5.845353888888897
Ga0.396In0.198Sn0.406,6.017538055555563
Ga0.202In0.103Sn0.695,5.363883611111121
Ga0.446In0.545Sn0.009,4.740435138888896
Ga0.294In0.299Sn0.407,6.214311944444452
Ga0.662In0.307Sn0.031,4.661554583333345
Ga0.044In0.567Sn0.389,6.675701388888893
Ga0.454In0.258Sn0.288,6.038962777777788
Ga0.391In0.047Sn0.562,5.248867499999998
Ga0.268In0.378Sn0.354,6.37574833333334
Ga0.469In0.520Sn0.011,4.723389444444451
Ga0.199In0.515Sn0.286,6.81300027777778
Ga0.395In0.426Sn0.179,6.23582833333334
Ga0.441In0.345Sn0.214,6.177151666666674
Ga0.379In0.107Sn0.514,5.507247777777783
Ga0.515In0.334Sn0.151,5.869145555555563
Ga0.659In0.251Sn0.090,5.204059444444456
Ga0.648In0.126Sn0.226,5.4609530555555645
Ga0.142In0.348Sn0.510,6.263692777777787
Ga0.122In0.374Sn0.504,6.330410000000006
Ga0.284In0.493Sn0.223,6.586578611111114
Ga0.382In0.605Sn0.013,4.99092833333334
Ga0.713In0.018Sn0.269,5.216733055555565
Ga0.279In0.526Sn0.195,6.531714722222226
Ga0.414In0.313Sn0.273,6.235523055555565
Ga0.379In0.327Sn0.294,6.326460000000009
Ga0.409In0.322Sn0.269,6.228935277777787
Ga0.315In0.233Sn0.452,5.951410833333341
Ga0.661In0.028Sn0.311,5.103538333333341
Ga0.579In0.338Sn0.083,5.081797777777785
Ga0.546In0.417Sn0.037,4.844284722222231
Ga0.534In0.459Sn0.007,4.546164722222231
Ga0.491In0.168Sn0.341,5.604797500000008
Ga0.341In0.296Sn0.363,6.172161944444453
Ga0.484In0.476Sn0.040,5.003081388888898
Ga0.311In0.356Sn0.333,6.388571944444454
Ga0.541In0.104Sn0.355,5.259296388888895
Ga0.817In0.088Sn0.095,5.740956388888903
Ga0.287In0.255Sn0.458,6.027021388888897
Ga0.827In0.119Sn0.054,5.468257916666686
Ga0.203In0.168Sn0.629,5.799351111111126
Ga0.189In0.092Sn0.719,5.204112777777782
Ga0.071In0.454Sn0.475,6.486270833333335
Ga0.211In0.527Sn0.262,6.743856388888893
Ga0.201In0.364Sn0.435,6.549227777777785
Ga0.538In0.216Sn0.246,5.814034722222233
Ga0.277In0.547Sn0.176,6.381223888888894
Ga0.149In0.320Sn0.531,6.246417222222231
Ga0.656In0.230Sn0.114,5.409829722222233
Ga0.359In0.228Sn0.413,6.04674972222223
Ga0.674In0.011Sn0.315,5.041732500000007
Ga0.417In0.341Sn0.242,6.260752222222232
Ga0.470In0.178Sn0.352,5.658598888888897
Ga0.048In0.273Sn0.679,5.333766388888903
Ga0.220In0.496Sn0.284,6.806756944444448
Ga0.412In0.358Sn0.230,6.312840277777786
Ga0.470In0.191Sn0.339,5.744547500000008
Ga0.332In0.312Sn0.356,6.1421736111111205
Ga0.022In0.584Sn0.394,6.696558333333337
Ga0.703In0.116Sn0.181,5.438966666666677
Ga0.376In0.252Sn0.372,6.043416388888898
Ga0.422In0.162Sn0.416,5.766020555555564
Ga0.006In0.216Sn0.778,4.91574916666668
Ga0.341In0.498Sn0.161,6.378827777777782
Ga0.359In0.367Sn0.274,6.444399166666675
Ga0.621In0.376Sn0.003,4.483583750000011
Ga0.712In0.188Sn0.100,5.481121666666679
Ga0.391In0.255Sn0.354,6.012820277777787
Ga0.086In0.448Sn0.466,6.473615277777781
Ga0.016In0.892Sn0.092,4.780243888888891
Ga0.261In0.280Sn0.459,6.243570555555563
Ga0.228In0.283Sn0.489,6.376933611111118
Ga0.508In0.200Sn0.292,5.795680833333344
Ga0.195In0.236Sn0.569,6.203129722222232
Ga0.034In0.325Sn0.641,5.702275833333346
Ga0.141In0.505Sn0.354,6.765367222222225
Ga0.332In0.288Sn0.380,6.158326388888898
Ga0.171In0.627Sn0.202,6.399762777777781
Ga0.388In0.569Sn0.043,5.246697361111118
Ga0.134In0.440Sn0.426,6.586925000000004
Ga0.634In0.282Sn0.084,5.133615555555565
Ga0.304In0.335Sn0.361,6.19754861111112
Ga0.229In0.393Sn0.378,6.641962500000007
Ga0.477In0.243Sn0.280,5.962530000000008
Ga0.366In0.299Sn0.335,6.2120058333333406
Ga0.128In0.565Sn0.307,6.608079444444448
Ga0.537In0.018Sn0.445,5.012886111111116
Ga0.219In0.664Sn0.117,5.95762694444445
Ga0.291In0.440Sn0.269,6.458535555555561
Ga0.153In0.507Sn0.340,6.8085561111111135
Ga0.358In0.051Sn0.591,5.3282786111111085
Ga0.073In0.541Sn0.386,6.594170555555559
Ga0.452In0.012Sn0.536,5.16781888888889
Ga0.550In0.013Sn0.437,4.950462222222225
Ga0.380In0.332Sn0.288,6.340495555555564
Ga0.165In0.365Sn0.470,6.529087500000006
Ga0.598In0.061Sn0.341,5.089646388888892
Ga0.357In0.300Sn0.343,6.1925502777777846
Ga0.298In0.580Sn0.122,6.044211666666672
Ga0.121In0.557Sn0.322,6.694874444444449
Ga0.308In0.348Sn0.344,6.252437777777787
Ga0.418In0.118Sn0.464,5.488448055555562
Ga0.773In0.226Sn0.001,5.0807784722222396
Ga0.393In0.468Sn0.139,6.21620444444445
Ga0.800In0.192Sn0.008,5.277606527777796
Ga0.296In0.507Sn0.197,6.526206666666671
Ga0.288In0.583Sn0.129,6.122678333333338
Ga0.170In0.393Sn0.437,6.621601666666672
Ga0.397In0.164Sn0.439,5.733243333333342
Ga0.162In0.542Sn0.296,6.738536666666671
Ga0.479In0.015Sn0.506,5.094749166666669
Ga0.345In0.238Sn0.417,6.122253055555563
Ga0.592In0.216Sn0.192,5.695469166666676
Ga0.191In0.319Sn0.490,6.422114722222231
Ga0.252In0.044Sn0.704,5.1877641666666685
Ga0.119In0.601Sn0.280,6.5190911111111145
Ga0.130In0.488Sn0.382,6.695522777777782
Ga0.511In0.328Sn0.161,5.857965833333341
Ga0.213In0.360Sn0.427,6.601005555555564
Ga0.408In0.082Sn0.510,5.330481944444446
Ga0.298In0.353Sn0.349,6.2127461111111195
Ga0.505In0.491Sn0.004,4.61652472222223
Ga0.308In0.331Sn0.361,6.188193055555565
Ga0.403In0.526Sn0.071,5.473228888888894
Ga0.181In0.221Sn0.598,6.074340277777792
Ga0.209In0.478Sn0.313,6.759251388888895
Ga0.403In0.159Sn0.438,5.660412777777786
Ga0.152In0.288Sn0.560,6.180040555555565
Ga0.237In0.198Sn0.565,6.15617250000001
Ga0.397In0.188Sn0.415,5.931940555555564
Ga0.131In0.656Sn0.213,6.206494166666668
Ga0.327In0.366Sn0.307,6.392226944444452
Ga0.549In0.418Sn0.033,4.752255277777786
Ga0.526In0.204Sn0.270,5.7815400000000094
Ga0.332In0.227Sn0.441,5.9717747222222295
Ga0.214In0.363Sn0.423,6.560305555555564
Ga0.023In0.386Sn0.591,6.080368055555562
Ga0.145In0.621Sn0.234,6.404301388888892
Ga0.340In0.311Sn0.349,6.156923055555564
Ga0.447In0.107Sn0.446,5.404265277777785
Ga0.499In0.220Sn0.281,5.863184722222231
Ga0.215In0.215Sn0.570,6.158196944444454
Ga0.412In0.105Sn0.483,5.411060277777784
Ga0.868In0.088Sn0.044,5.414518555555577
Ga0.595In0.165Sn0.240,5.590676666666678
Ga0.230In0.235Sn0.535,6.228714166666675
Ga0.252In0.550Sn0.198,6.630921388888895
Ga0.377In0.559Sn0.064,5.545787500000006
Ga0.576In0.254Sn0.170,5.6306802777777865
Ga0.463In0.159Sn0.378,5.64723222222223
Ga0.086In0.343Sn0.571,5.9946552777777855
Ga0.349In0.350Sn0.301,6.413463333333342
Ga0.662In0.182Sn0.156,5.6381038888888995
Ga0.645In0.226Sn0.129,5.493073611111121
Ga0.281In0.567Sn0.152,6.397765000000005
Ga0.371In0.139Sn0.490,5.610957500000006
Ga0.311In0.237Sn0.452,6.018179722222231
Ga0.329In0.282Sn0.389,6.124375833333342
Ga0.401In0.447Sn0.152,6.1853494444444514
Ga0.062In0.429Sn0.509,6.409093888888891
Ga0.081In0.532Sn0.387,6.533695555555557
Ga0.637In0.310Sn0.053,4.887420416666677
Ga0.115In0.757Sn0.128,5.525189722222223
Ga0.221In0.266Sn0.513,6.252682222222232
Ga0.050In0.165Sn0.785,4.611161111111125
Ga0.450In0.383Sn0.167,6.07141972222223
Ga0.139In0.307Sn0.554,6.143097777777786
Ga0.046In0.303Sn0.651,5.579572777777791
Ga0.302In0.421Sn0.277,6.42103694444445
Ga0.041In0.477Sn0.482,6.720370555555557
Ga0.280In0.423Sn0.297,6.543905277777783
Ga0.003In0.680Sn0.317,6.672554166666671
Ga0.676In0.175Sn0.149,5.5781938888889
Ga0.356In0.420Sn0.224,6.450821388888895
Ga0.161In0.033Sn0.806,4.808131666666666
Ga0.407In0.160Sn0.433,5.687937777777787
Ga0.258In0.535Sn0.207,6.67256305555556
Ga0.339In0.129Sn0.532,5.605827500000005
Ga0.538In0.150Sn0.312,5.5604152777777855
Ga0.336In0.451Sn0.213,6.374955833333339
Ga0.118In0.452Sn0.430,6.563916111111113
Ga0.452In0.226Sn0.322,5.896689444444453
Ga0.326In0.446Sn0.228,6.445096388888895
Ga0.147In0.555Sn0.298,6.714521666666671
Ga0.157In0.452Sn0.391,6.663814444444447
Ga0.253In0.313Sn0.434,6.394473333333342
Ga0.131In0.430Sn0.439,6.527461111111115
Ga0.149In0.357Sn0.494,6.460190000000007
Ga0.048In0.838Sn0.114,5.123556111111115
Ga0.692In0.259Sn0.049,4.914475694444458
Ga0.250In0.346Sn0.404,6.518295833333342
Ga0.505In0.065Sn0.430,5.147486944444446
Ga0.398In0.277Sn0.325,6.15258611111112
Ga0.198In0.768Sn0.034,5.017363055555561
Ga0.405In0.271Sn0.324,6.092669444444454
Ga0.348In0.457Sn0.195,6.40319083333334
Ga0.537In0.421Sn0.042,4.915588333333341
Ga0.534In0.207Sn0.259,5.758906666666676
Ga0.453In0.129Sn0.418,5.473240277777782
Ga0.091In0.450Sn0.459,6.457745833333337
Ga0.307In0.163Sn0.530,5.819428611111122
Ga0.441In0.128Sn0.431,5.445496944444449
Ga0.381In0.088Sn0.531,5.447848888888889
Ga0.310In0.261Sn0.429,6.084795277777787
Ga0.460In0.260Sn0.280,6.005101666666676
Ga0.194In0.634Sn0.172,6.303518888888894
Ga0.397In0.364Sn0.239,6.3442847222222305
Ga0.110In0.564Sn0.326,6.615359444444448
Ga0.075In0.677Sn0.248,6.306895000000003
Ga0.334In0.450Sn0.216,6.384178055555561
Ga0.250In0.426Sn0.324,6.66914083333334
Ga0.440In0.230Sn0.330,5.899540833333341
Ga0.326In0.361Sn0.313,6.406260277777788
Ga0.214In0.678Sn0.108,5.847297777777782
Ga0.458In0.248Sn0.294,5.990746666666675
Ga0.482In0.278Sn0.240,6.064938055555563
Ga0.661In0.012Sn0.327,5.043429722222228
Ga0.409In0.406Sn0.185,6.2509050000000075
Ga0.130In0.461Sn0.409,6.597168888888892
Ga0.733In0.153Sn0.114,5.575596944444457
Ga0.225In0.262Sn0.513,6.2633438888888975
Ga0.166In0.389Sn0.445,6.627347777777783
Ga0.034In0.362Sn0.604,5.987072500000009
Ga0.387In0.200Sn0.413,5.98822361111112
Ga0.487In0.458Sn0.055,5.078963750000006
Ga0.209In0.021Sn0.770,4.976959999999998
Ga0.734In0.073Sn0.193,5.610308333333343
Ga0.310In0.276Sn0.414,6.18560972222223
Ga0.372In0.273Sn0.355,6.0639175000000085
Ga0.517In0.292Sn0.191,5.963220000000008
Ga0.074In0.419Sn0.507,6.319937222222225
Ga0.356In0.327Sn0.317,6.260803888888898
Ga0.379In0.405Sn0.216,6.4349002777777855
Ga0.492In0.413Sn0.095,5.557030277777784
Ga0.076In0.502Sn0.422,6.689771944444445
Ga0.462In0.264Sn0.274,6.028571111111121
Ga0.454In0.188Sn0.358,5.777392777777786
Ga0.145In0.232Sn0.623,5.799098333333346
Ga0.088In0.353Sn0.559,6.1051513888888955
Ga0.162In0.508Sn0.330,6.876300555555557
Ga0.341In0.589Sn0.070,5.55204055555556
Ga0.225In0.342Sn0.433,6.514040277777786
Ga0.446In0.102Sn0.452,5.381401111111118
Ga0.388In0.205Sn0.407,6.00013472222223
Ga0.659In0.134Sn0.207,5.59725750000001
Ga0.299In0.341Sn0.360,6.128303611111121
Ga0.465In0.321Sn0.214,6.094470555555564
Ga0.387In0.057Sn0.556,5.367815555555555
Ga0.166In0.477Sn0.357,6.695158333333338
Ga0.140In0.683Sn0.177,6.142186666666669
Ga0.257In0.348Sn0.395,6.454423611111121
Ga0.039In0.560Sn0.401,6.7356763888888915
Ga0.275In0.285Sn0.440,6.258056944444451
Ga0.445In0.488Sn0.067,5.446095833333339
Ga0.373In0.121Sn0.506,5.537591666666672
Ga0.174In0.536Sn0.290,6.723751111111113
Ga0.288In0.310Sn0.402,6.252700277777786
Ga0.524In0.239Sn0.237,5.848994722222231
Ga0.488In0.037Sn0.475,5.075655833333337
Ga0.269In0.514Sn0.217,6.649897777777781
Ga0.450In0.057Sn0.493,5.211528055555555
Ga0.447In0.089Sn0.464,5.313983888888892
Ga0.033In0.543Sn0.424,6.7656694444444465
Ga0.149In0.439Sn0.412,6.676831111111114
Ga0.321In0.220Sn0.459,5.917288611111118
Ga0.420In0.276Sn0.304,6.1758466666666765
Ga0.256In0.307Sn0.437,6.384512222222231
Ga0.220In0.383Sn0.397,6.560115555555562
Ga0.224In0.454Sn0.322,6.697059722222228
Ga0.446In0.166Sn0.388,5.691626666666675
Ga0.261In0.365Sn0.374,6.465300000000008
Ga0.444In0.163Sn0.393,5.693176666666676
Ga0.161In0.487Sn0.352,6.77813166666667
Ga0.461In0.143Sn0.396,5.54536333333334
Ga0.277In0.499Sn0.224,6.639783888888893
Ga0.037In0.510Sn0.453,6.828236111111109
Ga0.362In0.369Sn0.269,6.419408888888897
Ga0.431In0.535Sn0.034,5.055499305555563
Ga0.292In0.349Sn0.359,6.185856111111121
Ga0.372In0.170Sn0.458,5.770462222222232
Ga0.253In0.404Sn0.343,6.6217775000000065
Ga0.355In0.296Sn0.349,6.175911944444452
Ga0.186In0.416Sn0.398,6.704379166666672
Ga0.373In0.313Sn0.314,6.279682222222232
Ga0.446In0.351Sn0.203,6.22105861111112
Ga0.438In0.273Sn0.289,6.073662777777787
Ga0.564In0.283Sn0.153,5.773898055555564
Ga0.175In0.401Sn0.424,6.671088333333339
Ga0.009In0.220Sn0.771,4.9232291666666805
Ga0.529In0.037Sn0.434,5.007800000000003
Ga0.377In0.238Sn0.385,6.062290833333342
Ga0.337In0.602Sn0.061,5.486956250000006
Ga0.430In0.126Sn0.444,5.523522500000005
Ga0.588In0.034Sn0.378,4.986123888888893
Ga0.497In0.250Sn0.253,5.830811111111121
Ga0.097In0.612Sn0.291,6.537817222222225
Ga0.231In0.361Sn0.408,6.631250000000008
Ga0.146In0.736Sn0.118,5.610675000000001
Ga0.402In0.343Sn0.255,6.232080277777787
Ga0.471In0.519Sn0.010,4.709722777777785
Ga0.476In0.396Sn0.128,5.905341111111118
Ga0.042In0.607Sn0.351,6.617539722222228
Ga0.226In0.656Sn0.118,6.0016536111111165
Ga0.380In0.338Sn0.282,6.313226666666675
Ga0.338In0.178Sn0.484,5.790290277777787
Ga0.153In0.094Sn0.753,5.016685277777782
Ga0.320In0.352Sn0.328,6.308476666666677
Ga0.299In0.329Sn0.372,6.172560277777788
Ga0.338In0.262Sn0.400,6.122342500000008
Ga0.346In0.369Sn0.285,6.469835277777786
Ga0.133In0.406Sn0.461,6.433154444444449
Ga0.505In0.134Sn0.361,5.444074444444451
Ga0.296In0.585Sn0.119,6.002322777777783
Ga0.497In0.466Sn0.037,4.921278333333341
Ga0.694In0.260Sn0.046,4.902704027777792
Ga0.280In0.654Sn0.066,5.457511111111116
Ga0.086In0.181Sn0.733,4.9289300000000145
Ga0.251In0.532Sn0.217,6.682271388888894
Ga0.072In0.369Sn0.559,6.057306388888895
Ga0.322In0.327Sn0.351,6.136091944444453
Ga0.208In0.448Sn0.344,6.637012500000004
Ga0.522In0.226Sn0.252,5.78173861111112
Ga0.431In0.270Sn0.299,6.158221666666676
Ga0.255In0.432Sn0.313,6.754785277777784
Ga0.407In0.337Sn0.256,6.18867000000001
Ga0.453In0.337Sn0.210,6.142403888888897
Ga0.186In0.193Sn0.621,5.9668802777777925
Ga0.298In0.040Sn0.662,5.089046388888892
Ga0.828In0.159Sn0.013,5.296242916666686
Ga0.162In0.407Sn0.431,6.680165555555561
Ga0.416In0.388Sn0.196,6.364505555555564
Ga0.256In0.438Sn0.306,6.7459269444444505
Ga0.499In0.107Sn0.394,5.333177777777784
Ga0.270In0.054Sn0.676,5.102540277777778
Ga0.322In0.466Sn0.212,6.445653055555562
Ga0.660In0.316Sn0.024,4.646315972222234
Ga0.198In0.262Sn0.540,6.277823055555565
Ga0.301In0.263Sn0.436,6.02484250000001
Ga0.187In0.585Sn0.228,6.527261944444448
Ga0.215In0.591Sn0.194,6.519746944444449
Ga0.668In0.064Sn0.268,5.250397500000008
Ga0.223In0.496Sn0.281,6.811293611111115
Ga0.535In0.420Sn0.045,4.938721666666675
Ga0.380In0.490Sn0.130,6.163575833333338
Ga0.425In0.407Sn0.168,6.189376666666674
Ga0.469In0.267Sn0.264,5.994977222222233
Ga0.328In0.529Sn0.143,6.264324722222226
Ga0.381In0.278Sn0.341,6.106330833333341
Ga0.218In0.089Sn0.693,5.256670555555559
Ga0.043In0.325Sn0.632,5.714555833333345
Ga0.275In0.279Sn0.446,6.209543611111117
Ga0.007In0.184Sn0.809,4.698870833333348
Ga0.411In0.289Sn0.300,6.20981611111112
Ga0.332In0.240Sn0.428,6.038971944444453
Ga0.727In0.210Sn0.063,5.285828888888902
Ga0.399In0.318Sn0.283,6.278314444444454
Ga0.251In0.064Sn0.685,5.184859444444444
Ga0.317In0.380Sn0.303,6.447250833333341
Ga0.201In0.137Sn0.662,5.554824444444458
Ga0.315In0.223Sn0.462,5.921891388888897
Ga0.165In0.633Sn0.202,6.366848333333336
Ga0.600In0.111Sn0.289,5.317485555555564
Ga0.595In0.058Sn0.347,5.064396666666671
Ga0.242In0.406Sn0.352,6.632535277777785
Ga0.233In0.410Sn0.357,6.63178083333334
Ga0.258In0.390Sn0.352,6.540169166666674
Ga0.519In0.206Sn0.275,5.79777000000001
Ga0.260In0.303Sn0.437,6.343012222222231
Ga0.164In0.483Sn0.353,6.732596666666671
Ga0.322In0.226Sn0.452,5.929727500000007
Ga0.221In0.306Sn0.473,6.381252777777785
Ga0.399In0.393Sn0.208,6.392555277777785
Ga0.225In0.432Sn0.343,6.692408055555561
Ga0.271In0.223Sn0.506,6.025978611111118
Ga0.122In0.599Sn0.279,6.4925988888888915
Ga0.662In0.276Sn0.062,4.980286666666677
Ga0.339In0.245Sn0.416,6.055149166666675
Ga0.076In0.760Sn0.164,5.713101666666667
Ga0.121In0.454Sn0.425,6.59873277777778
Ga0.439In0.063Sn0.498,5.264878333333335
Ga0.385In0.259Sn0.356,5.985186944444453
Ga0.159In0.479Sn0.362,6.725776111111116
Ga0.567In0.082Sn0.351,5.133571666666669
Ga0.416In0.448Sn0.136,6.08213833333334
Ga0.367In0.273Sn0.360,6.084468055555564
Ga0.444In0.291Sn0.265,6.154518055555566
Ga0.677In0.014Sn0.309,5.112306388888896
Ga0.722In0.238Sn0.040,5.074169027777793
Ga0.149In0.504Sn0.347,6.7927444444444465
Ga0.223In0.776Sn0.001,4.691706805555562
Ga0.334In0.361Sn0.305,6.415944166666675
Ga0.546In0.276Sn0.178,5.803458055555564
Ga0.335In0.403Sn0.262,6.443889444444453
Ga0.300In0.374Sn0.326,6.326136944444452
Ga0.187In0.402Sn0.411,6.700823611111116
Ga0.018In0.406Sn0.576,6.239980277777781
Ga0.305In0.403Sn0.292,6.531683611111118
Ga0.595In0.008Sn0.397,4.933055277777784
Ga0.279In0.455Sn0.266,6.505579722222228
Ga0.303In0.564Sn0.133,6.190373611111118
Ga0.289In0.470Sn0.241,6.489679166666672
Ga0.432In0.496Sn0.072,5.512229166666671
Ga0.415In0.151Sn0.434,5.649315555555563
Ga0.241In0.331Sn0.428,6.472868888888897
Ga0.007In0.281Sn0.712,5.305500555555569
Ga0.634In0.235Sn0.131,5.516351388888898
Ga0.331In0.160Sn0.509,5.71737361111112
Ga0.297In0.419Sn0.284,6.434159166666672
Ga0.482In0.151Sn0.367,5.579483333333341
Ga0.475In0.196Sn0.329,5.816790000000009
Ga0.348In0.503Sn0.149,6.4197994444444495
Ga0.162In0.405Sn0.433,6.675040555555562
Ga0.512In0.080Sn0.408,5.25762638888889
Ga0.250In0.437Sn0.313,6.751621388888895
Ga0.081In0.560Sn0.359,6.4858711111111145
Ga0.284In0.227Sn0.489,5.931781111111118
Ga0.496In0.149Sn0.355,5.498852500000006
Ga0.579In0.292Sn0.129,5.562829166666671
Ga0.679In0.304Sn0.017,4.654267361111122
Ga0.265In0.260Sn0.475,6.133660555555564
Ga0.342In0.235Sn0.423,6.005258055555562
Ga0.172In0.440Sn0.388,6.659168333333338
Ga0.162In0.321Sn0.517,6.342749722222231
Ga0.280In0.367Sn0.353,6.295204722222229
Ga0.314In0.330Sn0.356,6.136264722222232
Ga0.392In0.116Sn0.492,5.4614677777777825
Ga0.003In0.574Sn0.423,6.801277222222224
Ga0.510In0.367Sn0.123,5.761330833333338
Ga0.331In0.357Sn0.312,6.393339166666676
Ga0.389In0.395Sn0.216,6.396181388888896
Ga0.778In0.174Sn0.048,5.344299861111126
Ga0.262In0.127Sn0.611,5.654921111111122
Ga0.306In0.202Sn0.492,5.907405000000008
Ga0.566In0.119Sn0.315,5.307544444444451
Ga0.169In0.481Sn0.350,6.733868333333338
Ga0.136In0.413Sn0.451,6.49419333333334
Ga0.201In0.334Sn0.465,6.44787111111112
Ga0.444In0.102Sn0.454,5.370954444444451
Ga0.409In0.477Sn0.114,5.874032500000006
Ga0.227In0.390Sn0.383,6.6081158333333425
Ga0.056In0.526Sn0.418,6.801739722222224
Ga0.100In0.436Sn0.464,6.471543611111114
Ga0.154In0.644Sn0.202,6.336761111111113
Ga0.408In0.590Sn0.002,4.75566569444445
Ga0.620In0.145Sn0.235,5.491581944444454
Ga0.572In0.057Sn0.371,5.096407500000002
Ga0.106In0.443Sn0.451,6.434860277777781
Ga0.062In0.606Sn0.332,6.6126197222222265
Ga0.165In0.749Sn0.086,5.3278275000000015
Ga0.390In0.374Sn0.236,6.408044722222229
Ga0.375In0.338Sn0.287,6.340495555555564
Ga0.085In0.359Sn0.556,6.151843055555562
Ga0.409In0.356Sn0.235,6.336471944444453
Ga0.168In0.130Sn0.702,5.34640666666668
Ga0.001In0.899Sn0.100,4.856540000000002
Ga0.286In0.449Sn0.265,6.4646994444444505
Ga0.251In0.714Sn0.035,5.232139861111118
Ga0.304In0.266Sn0.430,6.134500833333342
Ga0.318In0.546Sn0.136,6.165508055555563
Ga0.342In0.317Sn0.341,6.172928611111119
Ga0.418In0.390Sn0.192,6.339622500000007
Ga0.162In0.474Sn0.364,6.7005761111111175
Ga0.308In0.486Sn0.206,6.539738055555561
Ga0.690In0.228Sn0.082,5.195638611111124
Ga0.009In0.562Sn0.429,6.819950555555557
Ga0.459In0.494Sn0.047,5.084345138888898
Ga0.040In0.308Sn0.652,5.588397777777791
Ga0.297In0.493Sn0.210,6.538018611111116
Ga0.213In0.423Sn0.364,6.617895833333341
Ga0.137In0.416Sn0.447,6.504046666666673
Ga0.142In0.686Sn0.172,6.108211666666668
Ga0.011In0.840Sn0.149,5.400065833333336
Ga0.397In0.393Sn0.210,6.415721944444452
Ga0.062In0.374Sn0.564,6.105151388888895
Ga0.425In0.262Sn0.313,6.1149488888888985
Ga0.406In0.241Sn0.353,5.937643055555564
Ga0.252In0.473Sn0.275,6.736077500000006
Ga0.228In0.412Sn0.360,6.627648055555563
Ga0.324In0.458Sn0.218,6.385927500000006
Ga0.312In0.346Sn0.342,6.241101666666676
Ga0.349In0.313Sn0.338,6.2051397222222295
Ga0.191In0.433Sn0.376,6.7014758333333395
Ga0.424In0.373Sn0.203,6.336681111111119
Ga0.579In0.215Sn0.206,5.736023055555565
Ga0.200In0.245Sn0.555,6.223154166666675
Ga0.383In0.230Sn0.387,5.9991547222222295
Ga0.176In0.670Sn0.154,6.2150850000000055
Ga0.143In0.438Sn0.419,6.630033333333337
Ga0.393In0.384Sn0.223,6.416331388888897
Ga0.348In0.463Sn0.189,6.368713888888896
Ga0.315In0.058Sn0.627,5.254463055555553
Ga0.451In0.069Sn0.480,5.217887222222223
Ga0.518In0.418Sn0.064,5.263404722222227
Ga0.344In0.562Sn0.094,5.793778611111116
Ga0.171In0.520Sn0.309,6.805473333333336
Ga0.227In0.600Sn0.173,6.433400555555561
Ga0.102In0.536Sn0.362,6.604897222222226
Ga0.543In0.322Sn0.135,5.748798888888896
Ga0.403In0.363Sn0.234,6.296174166666675
Ga0.810In0.102Sn0.088,5.682380000000015
Ga0.085In0.584Sn0.331,6.578831111111115
Ga0.201In0.330Sn0.469,6.410645555555564
Ga0.276In0.465Sn0.259,6.544502500000006
Ga0.419In0.098Sn0.483,5.425462222222229
Ga0.117In0.466Sn0.417,6.651785555555558
Ga0.638In0.206Sn0.156,5.622013055555566
Ga0.455In0.108Sn0.437,5.368878055555562
Ga0.004In0.585Sn0.411,6.779252222222226
Ga0.220In0.133Sn0.647,5.6382277777777885
Ga0.118In0.407Sn0.475,6.467773888888893
Ga0.466In0.385Sn0.149,6.068620833333339
Ga0.378In0.390Sn0.232,6.449094722222229
Ga0.594In0.320Sn0.086,5.11476333333334
Ga0.262In0.507Sn0.231,6.761072222222226
Ga0.308In0.542Sn0.150,6.363018611111117
Ga0.528In0.235Sn0.237,5.871394722222231
Ga0.121In0.381Sn0.498,6.390873888888894
Ga0.114In0.575Sn0.311,6.596936666666671
Ga0.294In0.283Sn0.423,6.13004472222223
Ga0.318In0.268Sn0.414,6.121090833333342
Ga0.020In0.324Sn0.656,5.6122727777777905
Ga0.082In0.780Sn0.138,5.400581944444447
Ga0.490In0.357Sn0.153,6.057825555555563
Ga0.433In0.537Sn0.030,5.007417361111118
Ga0.416In0.349Sn0.235,6.301145555555564
Ga0.191In0.201Sn0.608,6.037580833333348
Ga0.103In0.449Sn0.448,6.447491388888891
Ga0.320In0.488Sn0.192,6.468812777777782
Ga0.236In0.153Sn0.611,5.859988888888902
Ga0.331In0.193Sn0.476,5.881806388888897
Ga0.407In0.500Sn0.093,5.7120897222222276
Ga0.292In0.395Sn0.313,6.446809166666675
Ga0.420In0.527Sn0.053,5.249613055555562
Ga0.519In0.233Sn0.248,5.826550833333344
Ga0.418In0.408Sn0.174,6.216301666666674
Ga0.013In0.757Sn0.230,6.107068888888889
Ga0.300In0.389Sn0.311,6.43251472222223
Ga0.330In0.360Sn0.310,6.415065833333342
Ga0.028In0.424Sn0.548,6.338495000000003
Ga0.283In0.534Sn0.183,6.400132777777782
Ga0.174In0.355Sn0.471,6.535234166666675
Ga0.299In0.386Sn0.315,6.405881944444453
Ga0.464In0.393Sn0.143,6.077550833333339
Ga0.047In0.369Sn0.584,6.0110594444444505
Ga0.345In0.619Sn0.036,5.262943472222231
Ga0.152In0.826Sn0.022,4.5871593055555575
Ga0.206In0.648Sn0.146,6.183247222222226
Ga0.085In0.424Sn0.491,6.404414444444446
Ga0.023In0.510Sn0.467,6.889258333333332
Ga0.337In0.471Sn0.192,6.379508333333339
Ga0.599In0.021Sn0.380,5.029862222222229
Ga0.552In0.023Sn0.425,4.9786952777777795
Ga0.429In0.132Sn0.439,5.501501388888894
Ga0.913In0.011Sn0.076,5.514963055555577
Ga0.502In0.013Sn0.485,5.0163550000000035
Ga0.335In0.312Sn0.353,6.138263055555565
Ga0.316In0.260Sn0.424,6.0595291666666755
Ga0.180In0.330Sn0.490,6.390114722222231
Ga0.516In0.250Sn0.234,5.852702500000009
Ga0.340In0.406Sn0.254,6.433596388888896
Ga0.312In0.161Sn0.527,5.8221530555555665
Ga0.297In0.297Sn0.406,6.204056388888897
Ga0.149In0.432Sn0.419,6.692242222222225
Ga0.451In0.313Sn0.236,6.147939444444455
Ga0.298In0.362Sn0.340,6.268565833333341
Ga0.287In0.552Sn0.161,6.362909722222228
Ga0.461In0.068Sn0.471,5.195115000000001
Ga0.180In0.215Sn0.605,6.027364166666682
Ga0.500In0.048Sn0.452,5.035350277777779
Ga0.368In0.395Sn0.237,6.463833055555563
Ga0.148In0.376Sn0.476,6.431244722222229
Ga0.673In0.164Sn0.163,5.5162044444444565
Ga0.527In0.201Sn0.272,5.779095555555566
Ga0.461In0.153Sn0.386,5.605435555555563
Ga0.457In0.417Sn0.126,5.908010833333337
Ga0.340In0.295Sn0.365,6.173411944444453
Ga0.099In0.226Sn0.675,5.2776733333333485
Ga0.227In0.561Sn0.212,6.626993055555561
Ga0.008In0.287Sn0.705,5.362961666666683
Ga0.750In0.235Sn0.015,5.052906250000016
Ga0.361In0.231Sn0.408,6.04486083333334
Ga0.434In0.361Sn0.205,6.329331111111119
Ga0.111In0.008Sn0.881,4.146553333333329
Ga0.262In0.462Sn0.276,6.652110277777783
Ga0.453In0.110Sn0.437,5.380691944444451
Ga0.470In0.239Sn0.291,5.936600555555564
Ga0.534In0.033Sn0.433,4.975950555555559
Ga0.289In0.365Sn0.346,6.295701944444451
Ga0.239In0.431Sn0.330,6.719837500000005
Ga0.562In0.371Sn0.067,5.12858944444445
Ga0.401In0.521Sn0.078,5.4913972222222265
Ga0.021In0.254Sn0.725,5.129908333333348
Ga0.080In0.535Sn0.385,6.543251111111114
Ga0.331In0.432Sn0.237,6.45852194444445
Ga0.238In0.350Sn0.412,6.572625833333341
Ga0.446In0.481Sn0.073,5.415601944444449
Ga0.038In0.892Sn0.070,4.587897361111113
Ga0.334In0.225Sn0.441,5.960791388888897
Ga0.541In0.226Sn0.233,5.832946944444454
Ga0.336In0.510Sn0.154,6.423963333333338
Ga0.676In0.029Sn0.295,5.1179500000000075
Ga0.225In0.371Sn0.404,6.603233888888897
Ga0.444In0.237Sn0.319,5.9662700000000095
Ga0.150In0.294Sn0.556,6.1895427777777865
Ga0.411In0.129Sn0.460,5.499397500000005
Ga0.567In0.370Sn0.063,5.063220555555561
Ga0.152In0.467Sn0.381,6.68602555555556
Ga0.501In0.487Sn0.012,4.72816083333334
Ga0.413In0.006Sn0.581,5.250222222222223
Ga0.430In0.023Sn0.547,5.236186111111113
In0.713Sn0.287,6.583717777777782
Ga0.311In0.380Sn0.309,6.463647500000008
Ga0.471In0.201Sn0.328,5.824670555555565
Ga0.448In0.480Sn0.072,5.403935277777783
Ga0.217In0.701Sn0.082,5.528469166666672
Ga0.100In0.328Sn0.572,5.94912222222223
Ga0.241In0.446Sn0.313,6.7584841666666735
Ga0.134In0.412Sn0.454,6.465126666666672
Ga0.053In0.769Sn0.178,5.81139111111111
Ga0.134In0.667Sn0.199,6.230565277777781
Ga0.431In0.190Sn0.379,5.917659722222231
Ga0.075In0.880Sn0.045,4.432512361111113
Ga0.168In0.790Sn0.042,4.865941111111115
Ga0.313In0.112Sn0.575,5.577383055555561
Ga0.349In0.409Sn0.242,6.493568611111119
Ga0.317In0.383Sn0.300,6.454845277777786
Ga0.248In0.322Sn0.430,6.424765000000009
Ga0.327In0.484Sn0.189,6.383329444444449
Ga0.053In0.464Sn0.483,6.679188333333335
Ga0.336In0.153Sn0.511,5.707596388888898
Ga0.341In0.054Sn0.605,5.3335955555555525
Ga0.432In0.495Sn0.073,5.497220833333338
Ga0.143In0.240Sn0.617,5.831510000000014
Ga0.325In0.290Sn0.385,6.15750361111112
Ga0.168In0.296Sn0.536,6.3162777777777865
Ga0.442In0.345Sn0.213,6.177151666666674
Ga0.725In0.023Sn0.252,5.32678777777779
Ga0.044In0.797Sn0.159,5.574649722222223
Ga0.396In0.218Sn0.386,5.99918972222223
Ga0.391In0.147Sn0.462,5.676089444444451
Ga0.094In0.894Sn0.012,4.185454444444441
Ga0.400In0.063Sn0.537,5.307001944444444
Ga0.476In0.263Sn0.261,5.9494877777777875
Ga0.547In0.308Sn0.145,5.825324444444451
Ga0.450In0.097Sn0.453,5.380871111111118
Ga0.554In0.059Sn0.387,5.100509166666668
Ga0.334In0.498Sn0.168,6.373852777777783
Ga0.194In0.295Sn0.511,6.353662222222231
Ga0.283In0.391Sn0.326,6.423289166666675
Ga0.101In0.574Sn0.325,6.616761666666671
Ga0.513In0.068Sn0.419,5.198678888888891
Ga0.308In0.572Sn0.120,6.073445555555561
Ga0.490In0.301Sn0.209,6.099100277777786
Ga0.071In0.525Sn0.404,6.693987222222224
Ga0.054In0.645Sn0.301,6.693151388888894
Ga0.041In0.335Sn0.624,5.780059722222234
Ga0.118In0.602Sn0.280,6.479774444444447
Ga0.443In0.407Sn0.150,6.130737777777784
Ga0.551In0.405Sn0.044,4.896793888888896
Ga0.257In0.513Sn0.230,6.780961111111115
Ga0.349In0.190Sn0.461,5.937865833333341
Ga0.785In0.127Sn0.088,5.57703055555557
Ga0.117In0.472Sn0.411,6.6471050000000025
Ga0.628In0.234Sn0.138,5.568771666666677
Ga0.367In0.479Sn0.154,6.382967222222229
Ga0.298In0.190Sn0.512,5.872186666666677
Ga0.059In0.121Sn0.820,4.356790000000006
Ga0.243In0.654Sn0.103,5.854186388888894
Ga0.579In0.365Sn0.056,4.904146527777785
Ga0.090In0.375Sn0.535,6.178428055555561
Ga0.002In0.409Sn0.589,6.258289444444448
Ga0.327In0.348Sn0.325,6.266232222222232
Ga0.351In0.016Sn0.633,5.2125955555555565
Ga0.387In0.175Sn0.438,5.781443888888898
Ga0.184In0.200Sn0.616,6.011472500000015
Ga0.335In0.455Sn0.210,6.396605833333339
Ga0.519In0.193Sn0.288,5.785226111111121
Ga0.102In0.405Sn0.493,6.387477222222225
Ga0.338In0.349Sn0.313,6.362371666666677
Ga0.128In0.429Sn0.443,6.508344444444447
Ga0.472In0.339Sn0.189,5.986518888888897
Ga0.452In0.225Sn0.323,5.888289444444453
Ga0.614In0.111Sn0.275,5.340511666666676
Ga0.387In0.166Sn0.447,5.752870555555564
Ga0.406In0.376Sn0.218,6.308794166666673
Ga0.295In0.105Sn0.600,5.562043055555564
Ga0.317In0.404Sn0.279,6.46908472222223
Ga0.207In0.694Sn0.099,5.6704144444444475
Ga0.049In0.653Sn0.298,6.653623611111116
Ga0.402In0.130Sn0.468,5.489301944444449
Ga0.316In0.225Sn0.459,5.917288611111118
Ga0.329In0.254Sn0.417,6.069933055555565
Ga0.177In0.412Sn0.411,6.708490277777784
Ga0.363In0.069Sn0.568,5.40817611111111
Ga0.407In0.337Sn0.256,6.18867000000001
Ga0.038In0.354Sn0.608,5.953466666666676
Ga0.069In0.542Sn0.389,6.614767777777781
Ga0.444In0.239Sn0.317,5.941711666666676
Ga0.582In0.234Sn0.184,5.654136388888897
Ga0.307In0.537Sn0.156,6.388399166666672
Ga0.486In0.370Sn0.144,5.995049722222228
Ga0.545In0.001Sn0.454,4.847264722222223
Ga0.068In0.445Sn0.487,6.487366666666669
Ga0.477In0.398Sn0.125,5.888030833333338
Ga0.152In0.610Sn0.238,6.4495808333333375
Ga0.629In0.263Sn0.108,5.337600833333344
Ga0.350In0.409Sn0.241,6.490949166666675
Ga0.457In0.167Sn0.376,5.697621111111119
Ga0.182In0.519Sn0.299,6.832444722222225
Ga0.403In0.103Sn0.494,5.4267588888888945
Ga0.076In0.772Sn0.152,5.593305555555557
Ga0.064In0.414Sn0.522,6.329844722222226
Ga0.395In0.231Sn0.374,6.03319583333334
Ga0.489In0.398Sn0.113,5.753007222222228
Ga0.390In0.455Sn0.155,6.264886666666674
Ga0.770In0.050Sn0.180,5.603306666666678
Ga0.438In0.055Sn0.507,5.186068611111112
Ga0.398In0.399Sn0.203,6.417645000000008
Ga0.239In0.413Sn0.348,6.640335277777784
Ga0.118In0.532Sn0.350,6.643135555555559
Ga0.839In0.126Sn0.035,5.3341501388889085
Ga0.423In0.284Sn0.293,6.221005555555565
Ga0.451In0.226Sn0.323,5.896689444444453
Ga0.775In0.107Sn0.118,5.769189444444458
Ga0.269In0.347Sn0.384,6.329829166666676
Ga0.262In0.480Sn0.258,6.671687222222227
Ga0.302In0.533Sn0.165,6.37442694444445
Ga0.470In0.249Sn0.281,5.944196666666675
Ga0.438In0.046Sn0.516,5.150651666666667
Ga0.142In0.591Sn0.267,6.538593888888894
Ga0.481In0.345Sn0.174,5.953812777777785
Ga0.257In0.407Sn0.336,6.634088611111118
Ga0.154In0.706Sn0.140,5.958853611111114
Ga0.385In0.096Sn0.519,5.473049722222225
Ga0.551In0.340Sn0.109,5.532418611111117
Ga0.451In0.107Sn0.442,5.414675277777786
Ga0.311In0.468Sn0.221,6.447868611111116
Ga0.507In0.255Sn0.238,5.887411666666677
Ga0.161In0.487Sn0.352,6.77813166666667
Ga0.441In0.291Sn0.268,6.1507013888888995
Ga0.215In0.295Sn0.490,6.400888611111118
Ga0.375In0.280Sn0.345,6.105250277777785
Ga0.882In0.068Sn0.050,5.415600833333355
Ga0.471In0.189Sn0.340,5.744547500000008
Ga0.553In0.363Sn0.084,5.215333055555563
Ga0.186In0.518Sn0.296,6.85133916666667
Ga0.368In0.229Sn0.403,6.068254166666674
Ga0.321In0.439Sn0.240,6.450823611111117
Ga0.229In0.562Sn0.209,6.655104166666671
Ga0.664In0.188Sn0.148,5.642396111111123
Ga0.306In0.565Sn0.129,6.153340000000006
Ga0.358In0.370Sn0.272,6.422531111111119
Ga0.326In0.638Sn0.036,5.152680138888895
Ga0.328In0.203Sn0.469,5.869103055555564
Ga0.240In0.554Sn0.206,6.641795833333338
Ga0.250In0.397Sn0.353,6.550748055555562
Ga0.225In0.462Sn0.313,6.748384722222229
Ga0.444In0.234Sn0.322,5.942785000000009
Ga0.611In0.322Sn0.067,5.087030000000007
Ga0.529In0.137Sn0.334,5.432773333333339
Ga0.469In0.299Sn0.232,6.111797777777786
Ga0.316In0.047Sn0.637,5.177701944444443
Ga0.383In0.230Sn0.387,5.9991547222222295
Ga0.205In0.187Sn0.608,5.99806944444446
Ga0.362In0.197Sn0.441,5.973017500000008
Ga0.392In0.364Sn0.244,6.364658055555564
Ga0.477In0.502Sn0.021,4.825407500000009
Ga0.212In0.384Sn0.404,6.659791666666673
Ga0.042In0.669Sn0.289,6.624163333333336
Ga0.152In0.203Sn0.645,5.745734722222237
Ga0.542In0.008Sn0.450,4.903786111111115
Ga0.255In0.208Sn0.537,6.1213463888889
Ga0.321In0.447Sn0.232,6.390985277777784
Ga0.390In0.292Sn0.318,6.256360000000009
Ga0.396In0.042Sn0.562,5.2528622222222205
Ga0.596In0.105Sn0.299,5.325785555555564
Ga0.006In0.337Sn0.657,5.675027222222235
Ga0.449In0.507Sn0.044,5.1407823611111185
Ga0.178In0.397Sn0.425,6.658062500000006
Ga0.379In0.520Sn0.101,5.874807500000005
Ga0.279In0.491Sn0.230,6.629747777777781
Ga0.286In0.363Sn0.351,6.269093611111117
Ga0.449In0.326Sn0.225,6.131070000000009
Ga0.397In0.295Sn0.308,6.259756111111121
Ga0.076In0.773Sn0.151,5.564991666666668
Ga0.199In0.371Sn0.430,6.571152777777785
Ga0.333In0.514Sn0.153,6.4214355555555604
Ga0.359In0.522Sn0.119,6.111806111111116
Ga0.226In0.342Sn0.432,6.514040277777786
Ga0.192In0.642Sn0.166,6.262930000000005
Ga0.011In0.346Sn0.643,5.797580000000011
Ga0.506In0.064Sn0.430,5.147486944444446
Ga0.467In0.026Sn0.507,5.090418611111114
Ga0.293In0.523Sn0.184,6.414649166666671
Ga0.328In0.140Sn0.532,5.69772222222223
Ga0.199In0.507Sn0.294,6.881516944444446
Ga0.543In0.341Sn0.116,5.567484166666674
Ga0.354In0.085Sn0.561,5.426015
Ga0.800In0.185Sn0.015,5.345519027777795
Ga0.177In0.476Sn0.347,6.748168055555562
Ga0.495In0.005Sn0.500,4.978275277777781
Ga0.189In0.368Sn0.443,6.580727777777785
Ga0.087In0.707Sn0.206,6.169880833333335
Ga0.174In0.658Sn0.168,6.220927777777781
Ga0.172In0.366Sn0.462,6.5118713888888955
Ga0.085In0.449Sn0.466,6.473615277777781
Ga0.417In0.398Sn0.185,6.288937777777785
Ga0.408In0.430Sn0.162,6.180421666666673
Ga0.337In0.387Sn0.276,6.477888611111119
Ga0.530In0.423Sn0.047,4.966061111111119
Ga0.456In0.175Sn0.369,5.71808500000001
Ga0.361In0.175Sn0.464,5.800543888888898
Ga0.447In0.097Sn0.456,5.370424444444451
Ga0.407In0.379Sn0.214,6.313988611111118
Ga0.050In0.526Sn0.424,6.766374166666668
Ga0.213In0.444Sn0.343,6.654748611111116
Ga0.142In0.276Sn0.582,6.019815555555565
Ga0.198In0.345Sn0.457,6.492663055555564
Ga0.425In0.268Sn0.307,6.136377222222233
Ga0.215In0.437Sn0.348,6.677549166666672
Ga0.025In0.428Sn0.547,6.3538191666666695
Ga0.548In0.229Sn0.223,5.807405277777787
Ga0.455In0.197Sn0.348,5.80360861111112
Ga0.422In0.565Sn0.013,4.86715208333334
Ga0.257In0.332Sn0.411,6.437421666666675
Ga0.496In0.039Sn0.465,5.071230833333337
Ga0.229In0.227Sn0.544,6.21419861111112
Ga0.379In0.500Sn0.121,6.114036944444449
Ga0.224In0.308Sn0.468,6.398858888888896
Ga0.334In0.123Sn0.543,5.594744166666673
Ga0.060In0.323Sn0.617,5.834292222222233
Ga0.269In0.344Sn0.387,6.3210958333333425
Ga0.463In0.292Sn0.245,6.12032500000001
Ga0.122In0.418Sn0.460,6.4767872222222245
Ga0.137In0.378Sn0.485,6.392142777777784
Ga0.414In0.094Sn0.492,5.340166944444447
Ga0.275In0.538Sn0.187,6.4221816666666705
Ga0.317In0.091Sn0.592,5.451204444444447
Ga0.025In0.581Sn0.394,6.69076666666667
Ga0.696In0.163Sn0.141,5.55851527777779
Ga0.306In0.527Sn0.167,6.398718611111117
Ga0.350In0.024Sn0.626,5.208582500000002
Ga0.510In0.056Sn0.434,5.097795833333334
Ga0.305In0.355Sn0.340,6.320555277777787
Ga0.349In0.383Sn0.268,6.460186666666675
Ga0.495In0.112Sn0.393,5.357686666666673
Ga0.254In0.417Sn0.329,6.659218611111117
Ga0.305In0.552Sn0.143,6.311185277777783
Ga0.511In0.304Sn0.185,5.94645472222223
Ga0.209In0.146Sn0.645,5.656376944444457
Ga0.060In0.662Sn0.278,6.572340555555558
Ga0.192In0.425Sn0.383,6.672731388888894
Ga0.258In0.226Sn0.516,6.104941666666675
Ga0.518In0.058Sn0.424,5.08222361111111
Ga0.264In0.549Sn0.187,6.45880944444445
Ga0.208In0.366Sn0.426,6.562327777777785
Ga0.343In0.441Sn0.216,6.45138083333334
Ga0.136In0.308Sn0.556,6.135892222222231
Ga0.055In0.917Sn0.028,4.210518888888891
Ga0.303In0.261Sn0.436,6.042075833333343
Ga0.463In0.065Sn0.472,5.185815833333335
Ga0.097In0.567Sn0.336,6.610278333333336
Ga0.440In0.223Sn0.337,5.845019166666674
Ga0.538In0.016Sn0.446,5.00412805555556
Ga0.352In0.186Sn0.462,5.893350555555563
Ga0.352In0.240Sn0.408,6.08671972222223
Ga0.077In0.506Sn0.417,6.688535833333335
Ga0.515In0.189Sn0.296,5.7629872222222325
Ga0.359In0.232Sn0.409,6.06396083333334
Ga0.339In0.413Sn0.248,6.419346388888897
Ga0.398In0.424Sn0.178,6.18850222222223
Ga0.256In0.254Sn0.490,6.200020833333343
Ga0.180In0.301Sn0.519,6.334486666666676
Ga0.248In0.583Sn0.169,6.486713888888894
Ga0.190In0.382Sn0.428,6.6157572222222285
Ga0.001In0.054Sn0.945,3.658050277777778
Ga0.196In0.367Sn0.437,6.567444444444451
Ga0.051In0.570Sn0.379,6.676465833333338
Ga0.200In0.379Sn0.421,6.609532777777785
Ga0.119In0.526Sn0.355,6.6941561111111145
Ga0.271In0.387Sn0.342,6.450202500000007
Ga0.413In0.262Sn0.325,6.043053888888899
Ga0.249In0.299Sn0.452,6.373823888888897
Ga0.316In0.394Sn0.290,6.450065277777786
Ga0.849In0.119Sn0.032,5.298067083333353
Ga0.622In0.047Sn0.331,4.9851852777777825
Ga0.169In0.102Sn0.729,5.185373611111118
Ga0.362In0.284Sn0.354,6.124734166666675
Ga0.059In0.470Sn0.471,6.67785388888889
Ga0.401In0.409Sn0.190,6.254854444444452
Ga0.232In0.183Sn0.585,6.084536111111122
Ga0.158In0.375Sn0.467,6.53703972222223
Ga0.541In0.233Sn0.226,5.827610833333342
Ga0.395In0.428Sn0.177,6.231911666666673
Ga0.141In0.201Sn0.658,5.583877222222238
Ga0.338In0.286Sn0.376,6.162845277777786
Ga0.189In0.437Sn0.374,6.695559166666672
Ga0.137In0.573Sn0.290,6.607854444444448
Ga0.351In0.227Sn0.422,5.986371944444451
Ga0.528In0.115Sn0.357,5.2821808333333395
Ga0.467In0.337Sn0.196,6.073415833333341
Ga0.505In0.255Sn0.240,5.897472222222232
Ga0.340In0.110Sn0.550,5.550971388888893
Ga0.450In0.224Sn0.326,5.893245000000008
Ga0.696In0.011Sn0.293,5.143071666666674
Ga0.294In0.317Sn0.389,6.159005833333343
Ga0.231In0.210Sn0.559,6.160260277777786
Ga0.246In0.416Sn0.338,6.624271388888895
Ga0.301In0.271Sn0.428,6.070611944444452
Ga0.152In0.840Sn0.008,4.468642916666669
Ga0.258In0.212Sn0.530,6.134137222222233
Ga0.169In0.359Sn0.472,6.549526944444452
Ga0.295In0.234Sn0.471,5.905174166666674
Ga0.237In0.549Sn0.214,6.6369125000000055
Ga0.167In0.135Sn0.698,5.37481555555557
Ga0.104In0.489Sn0.407,6.67749027777778
Ga0.109In0.360Sn0.531,6.236681388888896
Ga0.366In0.107Sn0.527,5.573221111111115
Ga0.355In0.244Sn0.401,6.135256388888896
Ga0.078In0.258Sn0.664,5.325006111111125
Ga0.393In0.212Sn0.395,5.996036944444453
Ga0.540In0.112Sn0.348,5.275884722222228
Ga0.042In0.559Sn0.399,6.708643055555558
Ga0.135In0.435Sn0.430,6.608791666666671
Ga0.457In0.027Sn0.516,5.104276944444448
Ga0.129In0.862Sn0.009,4.2976091666666685
Ga0.367In0.316Sn0.317,6.257278888888898
Ga0.476In0.285Sn0.239,6.085806944444453
Ga0.295In0.079Sn0.626,5.324762500000001
Ga0.150In0.292Sn0.558,6.18247611111112
Ga0.370In0.395Sn0.235,6.482713611111119
Ga0.031In0.475Sn0.494,6.78539138888889
Ga0.261In0.256Sn0.483,6.151257222222231
Ga0.131In0.487Sn0.382,6.695522777777782
Ga0.238In0.179Sn0.583,6.025227222222234
Ga0.515In0.269Sn0.216,5.90741972222223
Ga0.252In0.584Sn0.164,6.475281666666674
Ga0.603In0.375Sn0.022,4.628764027777786
Ga0.533In0.084Sn0.383,5.22622777777778
Ga0.678In0.068Sn0.254,5.269399722222232
Ga0.415In0.403Sn0.182,6.188726666666674
Ga0.431In0.531Sn0.038,5.1227520833333395
Ga0.290In0.700Sn0.010,4.912210277777782
Ga0.449In0.455Sn0.096,5.626043888888893
Ga0.558In0.319Sn0.123,5.5525691666666726
Ga0.503In0.337Sn0.160,5.828282500000007
Ga0.417In0.059Sn0.524,5.353582499999999
Ga0.261In0.416Sn0.323,6.597876944444452
Ga0.368In0.389Sn0.243,6.479513055555564
Ga0.219In0.752Sn0.029,5.044895416666673
Ga0.283In0.192Sn0.525,6.0390233333333425
Ga0.028In0.455Sn0.517,6.565571111111113
Ga0.237In0.212Sn0.551,6.1737947222222305
Ga0.379In0.101Sn0.520,5.507728055555559
Ga0.045In0.436Sn0.519,6.465827222222224
Ga0.364In0.342Sn0.294,6.371814166666675
Ga0.280In0.281Sn0.439,6.162918055555562
Ga0.311In0.212Sn0.477,5.895880277777786
Ga0.889In0.078Sn0.033,5.293265000000023
Ga0.051In0.495Sn0.454,6.810340000000001
Ga0.027In0.540Sn0.433,6.789988888888891
Ga0.387In0.025Sn0.588,5.281799722222223
Ga0.419In0.464Sn0.117,5.921968611111117
Ga0.400In0.576Sn0.024,4.977658194444452
Ga0.590In0.227Sn0.183,5.614053055555564
Ga0.451In0.245Sn0.304,5.989593888888899
Ga0.402In0.300Sn0.298,6.249953333333342
Ga0.487In0.372Sn0.141,5.994010833333339
Ga0.197In0.266Sn0.537,6.297694722222231
Ga0.260In0.346Sn0.394,6.410151388888898
Ga0.505In0.434Sn0.061,5.186536111111116
Ga0.011In0.437Sn0.552,6.427900555555556
Ga0.168In0.409Sn0.423,6.683032222222227
Ga0.505In0.446Sn0.049,5.020966944444451
Ga0.052In0.443Sn0.505,6.559989722222223
Ga0.385In0.352Sn0.263,6.3603175000000105
Ga0.160In0.435Sn0.405,6.740562222222226
Ga0.122In0.785Sn0.093,5.067523611111114
Ga0.265In0.677Sn0.058,5.437125416666673
Ga0.343In0.177Sn0.480,5.7491472222222315
Ga0.179In0.217Sn0.604,6.043091388888903
Ga0.261In0.089Sn0.650,5.370392222222225
Ga0.238In0.423Sn0.339,6.673371388888894
Ga0.485In0.381Sn0.134,5.89291472222223
Ga0.202In0.470Sn0.328,6.734062500000006
Ga0.392In0.207Sn0.401,6.056655833333341
Ga0.338In0.551Sn0.111,5.954193611111117
Ga0.145In0.050Sn0.805,4.647501111111107
Ga0.318In0.309Sn0.373,6.202125277777786
Ga0.626In0.019Sn0.355,4.9546230555555635
Ga0.489In0.030Sn0.481,5.005249722222226
Ga0.260In0.268Sn0.472,6.21248722222223
Ga0.327In0.510Sn0.163,6.372673888888894
Ga0.218In0.276Sn0.506,6.300413611111119
Ga0.040In0.382Sn0.578,6.074365000000006
Ga0.048In0.418Sn0.534,6.365785833333336
Ga0.397In0.372Sn0.231,6.3635158333333415
Ga0.084In0.185Sn0.731,5.017242777777792
Ga0.026In0.738Sn0.236,6.238850833333334
Ga0.385In0.607Sn0.008,4.8922986111111175
Ga0.078In0.207Sn0.715,4.99180166666668
Ga0.344In0.601Sn0.055,5.4515177777777835
Ga0.199In0.293Sn0.508,6.361799166666675
Ga0.304In0.263Sn0.433,6.102792500000009
Ga0.196In0.660Sn0.144,6.159145833333337
Ga0.557In0.427Sn0.016,4.603775277777786
Ga0.033In0.809Sn0.158,5.550622500000002
Ga0.127In0.144Sn0.729,5.031895277777791
Ga0.196In0.383Sn0.421,6.627401666666673
Ga0.495In0.409Sn0.096,5.552938611111117
Ga0.559In0.020Sn0.421,5.00085527777778
Ga0.255In0.568Sn0.177,6.52024833333334
Ga0.415In0.214Sn0.371,5.958923055555564
Ga0.455In0.264Sn0.281,6.050493333333343
Ga0.373In0.082Sn0.545,5.418205000000001
Ga0.068In0.492Sn0.440,6.6899530555555575
Ga0.229In0.703Sn0.068,5.573962777777783
Ga0.703In0.195Sn0.102,5.437101944444457
Ga0.456In0.446Sn0.098,5.667841111111116
Ga0.176In0.301Sn0.523,6.372218055555564
Ga0.015In0.285Sn0.700,5.381192500000016
Ga0.523In0.033Sn0.444,5.022317777777781
Ga0.341In0.235Sn0.424,6.005258055555562
Ga0.229In0.423Sn0.348,6.667241388888894
Ga0.451In0.227Sn0.322,5.899272777777786
Ga0.493In0.387Sn0.120,5.78513083333334
Ga0.379In0.170Sn0.451,5.775752777777786
Ga0.198In0.433Sn0.369,6.654876388888895
Ga0.146In0.473Sn0.381,6.7125583333333365
Ga0.700In0.118Sn0.182,5.453385555555566
Ga0.302In0.145Sn0.553,5.72621111111112
Ga0.175In0.409Sn0.416,6.689602222222228
Ga0.328In0.266Sn0.406,6.1284841666666745
Ga0.306In0.624Sn0.070,5.51471305555556
Ga0.297In0.198Sn0.505,5.87315000000001
Ga0.385In0.124Sn0.491,5.512951111111116
Ga0.508In0.169Sn0.323,5.603243333333343
Ga0.360In0.285Sn0.355,6.124734166666675
Ga0.390In0.347Sn0.263,6.3475397222222325
Ga0.466In0.069Sn0.465,5.219692777777779
Ga0.330In0.331Sn0.339,6.167425277777786
Ga0.103In0.637Sn0.260,6.392501111111113
Ga0.001In0.558Sn0.441,6.814174444444445
Ga0.188In0.707Sn0.105,5.72118805555556
Ga0.475In0.490Sn0.035,4.965237222222232
Ga0.245In0.365Sn0.390,6.5148472222222304
Ga0.238In0.190Sn0.572,6.158283611111122
Ga0.360In0.344Sn0.296,6.3911372222222305
Ga0.326In0.334Sn0.340,6.150964166666675
Ga0.238In0.416Sn0.346,6.647193611111117
Ga0.316In0.197Sn0.487,5.881652777777785
Ga0.012In0.482Sn0.506,6.827046666666665
Ga0.186In0.092Sn0.722,5.195712777777782
Ga0.439In0.192Sn0.369,5.83178361111112
Ga0.372In0.409Sn0.219,6.458827500000007
Ga0.294In0.135Sn0.571,5.682863055555565
Ga0.496In0.490Sn0.014,4.736546944444452
Ga0.515In0.239Sn0.246,5.829726944444454
Ga0.028In0.420Sn0.552,6.3331805555555585
Ga0.403In0.290Sn0.307,6.199739444444455
Ga0.648In0.108Sn0.244,5.369637500000011
Ga0.633In0.003Sn0.364,4.912092777777785
Ga0.233In0.442Sn0.325,6.726492500000006
Ga0.187In0.393Sn0.420,6.6599958333333396
Ga0.375In0.358Sn0.267,6.4153850000000086
Ga0.500In0.390Sn0.110,5.694029166666672
Ga0.439In0.322Sn0.239,6.174991666666676
Ga0.631In0.121Sn0.248,5.372330277777789
Ga0.328In0.379Sn0.293,6.439743055555564
Ga0.483In0.072Sn0.445,5.2335472222222235
Ga0.417In0.392Sn0.191,6.305939166666674
Ga0.575In0.155Sn0.270,5.491679166666676
Ga0.073In0.262Sn0.665,5.3683388888889025
Ga0.233In0.738Sn0.029,5.134609861111117
Ga0.134In0.271Sn0.595,5.946878888888901
Ga0.336In0.347Sn0.317,6.287221666666676
Ga0.045In0.559Sn0.396,6.688768055555558
Ga0.672In0.102Sn0.226,5.452757222222232
Ga0.383In0.326Sn0.291,6.292129444444453
Ga0.266In0.419Sn0.315,6.587143611111118
Ga0.339In0.459Sn0.202,6.389014166666674
Ga0.033In0.429Sn0.538,6.393726666666669
Ga0.423In0.151Sn0.426,5.65646222222223
Ga0.416In0.343Sn0.241,6.286585277777788
Ga0.415In0.087Sn0.498,5.382804166666669
Ga0.243In0.189Sn0.568,6.150025277777789
Ga0.145In0.512Sn0.343,6.797997222222224
Ga0.345In0.274Sn0.381,6.141159166666674
Ga0.290In0.382Sn0.328,6.383589166666673
Ga0.468In0.424Sn0.108,5.721703611111115
Ga0.084In0.501Sn0.415,6.718075277777779
Ga0.650In0.138Sn0.212,5.560575555555566
Ga0.209In0.311Sn0.480,6.368186111111119
Ga0.177In0.618Sn0.205,6.452869444444449
Ga0.397In0.167Sn0.436,5.7369183333333424
Ga0.117In0.460Sn0.423,6.632549444444447
Ga0.026In0.503Sn0.471,6.889652777777777
Ga0.436In0.293Sn0.271,6.211006944444454
Ga0.375In0.597Sn0.028,5.091832916666674
Ga0.215In0.354Sn0.431,6.584798055555565
Ga0.506In0.428Sn0.066,5.2702683333333376
Ga0.458In0.269Sn0.273,6.044416111111121
Ga0.053In0.563Sn0.384,6.68278805555556
Ga0.247In0.393Sn0.360,6.537236388888896
Ga0.087In0.656Sn0.257,6.355995000000003
Ga0.231In0.427Sn0.342,6.672065833333338
Ga0.530In0.450Sn0.020,4.6612286111111185
Ga0.084In0.177Sn0.739,4.883116111111125
Ga0.382In0.242Sn0.376,6.046212500000007
Ga0.805In0.180Sn0.015,5.328276805555573
Ga0.052In0.467Sn0.481,6.679605000000001
Ga0.652In0.240Sn0.108,5.3975113888888995
Ga0.389In0.318Sn0.293,6.305079444444454
Ga0.159In0.344Sn0.497,6.467834166666676
Ga0.741In0.135Sn0.124,5.718343888888899
Ga0.235In0.441Sn0.324,6.713601388888895
Ga0.317In0.082Sn0.601,5.424582222222225
Ga0.474In0.359Sn0.167,5.988006944444451
Ga0.393In0.206Sn0.401,6.056655833333341
Ga0.124In0.430Sn0.446,6.532748333333336
Ga0.078In0.533Sn0.389,6.568081666666669
Ga0.369In0.331Sn0.300,6.3268955555555655
Ga0.737In0.084Sn0.179,5.570683333333342
Ga0.322In0.232Sn0.446,5.961264166666674
Ga0.664In0.329Sn0.007,4.547493472222235
Ga0.733In0.086Sn0.181,5.532902777777787
Ga0.230In0.256Sn0.514,6.2378083333333425
Ga0.515In0.425Sn0.060,5.15819194444445
Ga0.534In0.214Sn0.252,5.771978055555564
Ga0.355In0.246Sn0.399,6.112990277777786
Ga0.378In0.270Sn0.352,6.070650277777785
Ga0.382In0.350Sn0.268,6.360584166666675
Ga0.013In0.783Sn0.204,5.9360044444444435
Ga0.320In0.329Sn0.351,6.136091944444453
Ga0.010In0.690Sn0.300,6.683713611111116
Ga0.479In0.280Sn0.241,6.062961944444453
Ga0.454In0.021Sn0.525,5.216875833333336
Ga0.341In0.304Sn0.355,6.141529166666675
Ga0.166In0.404Sn0.430,6.689248888888894
Ga0.265In0.010Sn0.725,5.106084166666669
Ga0.124In0.654Sn0.222,6.23427
Ga0.414In0.528Sn0.058,5.353452083333338
Ga0.412In0.014Sn0.574,5.2662708333333335
Ga0.416In0.386Sn0.198,6.363485833333341
Ga0.493In0.382Sn0.125,5.842670833333338
Ga0.457In0.445Sn0.098,5.650641111111116
Ga0.422In0.159Sn0.419,5.702322777777786
Ga0.294In0.151Sn0.555,5.760700555555567
Ga0.055In0.598Sn0.347,6.638187500000004
Ga0.254In0.077Sn0.669,5.287688888888891
Ga0.095In0.456Sn0.449,6.484706944444447
Ga0.320In0.437Sn0.243,6.456443055555561
Ga0.491In0.001Sn0.508,4.982911944444447
Ga0.702In0.199Sn0.099,5.43472416666668
Ga0.446In0.099Sn0.455,5.370424444444451
Ga0.156In0.400Sn0.444,6.6722072222222275
Ga0.237In0.417Sn0.346,6.665826944444449
Ga0.027In0.178Sn0.795,4.6818880555555715
Ga0.403In0.246Sn0.351,5.942101944444452
Ga0.074In0.501Sn0.425,6.705422500000001
Ga0.501In0.246Sn0.253,5.78995000000001
Ga0.316In0.335Sn0.349,6.143025277777786
Ga0.363In0.453Sn0.184,6.298830555555562
Ga0.543In0.286Sn0.171,5.7853425000000085
Ga0.219In0.195Sn0.586,6.105366944444455
Ga0.264In0.354Sn0.382,6.375806944444453
Ga0.208In0.203Sn0.589,6.087088611111123
Ga0.331In0.364Sn0.305,6.399360833333341
Ga0.407In0.083Sn0.510,5.330481944444446
Ga0.376In0.225Sn0.399,6.057274166666675
Ga0.014In0.320Sn0.666,5.58204305555557
Ga0.088In0.493Sn0.419,6.705480833333336
Ga0.103In0.699Sn0.198,6.1538891666666675
Ga0.226In0.551Sn0.223,6.6169041666666715
Ga0.325In0.358Sn0.317,6.335433055555565
Ga0.054In0.780Sn0.166,5.697165555555556
Ga0.344In0.401Sn0.255,6.43317972222223
Ga0.363In0.370Sn0.267,6.419408888888897
Ga0.450In0.243Sn0.307,5.997595000000009
Ga0.395In0.165Sn0.440,5.785747222222231
Ga0.128In0.456Sn0.416,6.585332777777781
Ga0.695In0.081Sn0.224,5.413924722222231
Ga0.570In0.095Sn0.335,5.202673333333339
Ga0.420In0.090Sn0.490,5.364617500000002
Ga0.135In0.550Sn0.315,6.683754444444449
Ga0.462In0.355Sn0.183,6.065004166666675
Ga0.598In0.399Sn0.003,4.473226527777786
Ga0.193In0.410Sn0.397,6.650362500000006
Ga0.444In0.226Sn0.330,5.896957500000008
Ga0.149In0.425Sn0.426,6.663092222222225
Ga0.196In0.379Sn0.425,6.611282777777785
Ga0.853In0.084Sn0.063,5.50811111111113
Ga0.169In0.139Sn0.692,5.393705833333349
Ga0.244In0.197Sn0.559,6.153204722222232
Ga0.476In0.399Sn0.125,5.896247500000006
Ga0.140In0.811Sn0.049,4.685248888888894
Ga0.467In0.336Sn0.197,6.079826388888897
Ga0.550In0.128Sn0.322,5.32724444444445
Ga0.908In0.015Sn0.077,5.553676944444466
Ga0.407In0.536Sn0.057,5.339250416666673
Ga0.287In0.404Sn0.309,6.523614722222229
Ga0.083In0.387Sn0.530,6.149596388888893
Ga0.465In0.350Sn0.185,6.064122777777786
Ga0.168In0.353Sn0.479,6.518713333333341
Ga0.695In0.001Sn0.304,5.038026944444452
Ga0.344In0.302Sn0.354,6.160862500000008
Ga0.550In0.414Sn0.036,4.836979166666675
Ga0.372In0.078Sn0.550,5.436184444444445
Ga0.366In0.163Sn0.471,5.71384722222223
Ga0.224In0.265Sn0.511,6.264743888888899
Ga0.402In0.137Sn0.461,5.572781666666673
Ga0.699In0.189Sn0.112,5.518538611111123
Ga0.635In0.252Sn0.113,5.395813055555566
Ga0.084In0.883Sn0.033,4.358040972222222
Ga0.496In0.121Sn0.383,5.390795555555561
Ga0.405In0.413Sn0.182,6.174902222222229
Ga0.303In0.389Sn0.308,6.465259166666674
Ga0.476In0.395Sn0.129,5.905341111111118
Ga0.230In0.375Sn0.395,6.5585305555555635
Ga0.217In0.462Sn0.321,6.723914722222228
Ga0.251In0.336Sn0.413,6.456927222222231
Ga0.673In0.130Sn0.197,5.504434722222232
Ga0.299In0.572Sn0.129,6.1201400000000055
Ga0.023In0.741Sn0.236,6.224806388888889
Ga0.289In0.675Sn0.036,5.1722804166666725
Ga0.420In0.437Sn0.143,6.176626666666672
Ga0.431In0.222Sn0.347,5.903688611111119
Ga0.830In0.115Sn0.055,5.452332638888908
Ga0.367In0.296Sn0.337,6.184475277777785
Ga0.120In0.565Sn0.315,6.672254444444448
Ga0.255In0.507Sn0.238,6.795133333333338
Ga0.357In0.336Sn0.307,6.317620555555566
Ga0.311In0.337Sn0.352,6.17041361111112
Ga0.324In0.382Sn0.294,6.4580230555555636
Ga0.344In0.379Sn0.277,6.456846944444452
Ga0.428In0.255Sn0.317,6.025357777777787
Ga0.455In0.398Sn0.147,6.113532222222228
Ga0.441In0.404Sn0.155,6.182929444444451
Ga0.461In0.116Sn0.423,5.364676944444451
Ga0.195In0.247Sn0.558,6.216087500000009
Ga0.202In0.402Sn0.396,6.639398611111117
Ga0.354In0.433Sn0.213,6.466069722222229
Ga0.482In0.244Sn0.274,5.9627838888888975
Ga0.179In0.267Sn0.554,6.2637380555555655
Ga0.470In0.295Sn0.235,6.121489444444453
Ga0.292In0.153Sn0.555,5.760700555555567
Ga0.466In0.388Sn0.146,6.0886397222222275
Ga0.404In0.372Sn0.224,6.299138055555563
Ga0.351In0.037Sn0.612,5.2674680555555575
Ga0.065In0.378Sn0.557,6.091356388888895
Ga0.422In0.323Sn0.255,6.211383333333343
Ga0.564In0.377Sn0.059,4.959197777777784
Ga0.092In0.516Sn0.392,6.670474722222224
Ga0.388In0.224Sn0.388,5.985421388888897
Ga0.102In0.754Sn0.144,5.6289244444444435
Ga0.121In0.599Sn0.280,6.5190911111111145
Ga0.074In0.853Sn0.073,4.686783611111115
Ga0.594In0.052Sn0.354,4.985260833333338
Ga0.421In0.350Sn0.229,6.284878888888897
Ga0.407In0.273Sn0.320,6.087891666666676
Ga0.236In0.448Sn0.316,6.732292500000005
Ga0.287In0.091Sn0.622,5.385642222222225
Ga0.293In0.405Sn0.302,6.5079063888888955
Ga0.570In0.237Sn0.193,5.757182222222232
Ga0.374In0.076Sn0.550,5.424153333333333
Ga0.548In0.020Sn0.432,4.956121111111115
Ga0.593In0.166Sn0.241,5.601326666666677
Ga0.287In0.042Sn0.671,5.089279444444444
Ga0.179In0.468Sn0.353,6.67577194444445
Ga0.384In0.523Sn0.093,5.748266388888894
Ga0.214In0.407Sn0.379,6.654303611111119
Ga0.247In0.449Sn0.304,6.751850833333339
Ga0.174In0.177Sn0.649,5.7204355555555715
Ga0.417In0.255Sn0.328,6.030135555555565
Ga0.168In0.384Sn0.448,6.599079166666672
Ga0.425In0.393Sn0.182,6.208478611111118
Ga0.195In0.333Sn0.472,6.4502933333333425
Ga0.600In0.027Sn0.373,5.019546111111117
Ga0.003In0.219Sn0.778,4.93444555555557
Ga0.253In0.406Sn0.341,6.622858055555563
Ga0.449In0.308Sn0.243,6.186069444444454
Ga0.398In0.447Sn0.155,6.228766111111119
Ga0.406In0.402Sn0.192,6.286821111111118
Ga0.594In0.277Sn0.129,5.5137683333333385
Ga0.008In0.345Sn0.647,5.776063888888901
Ga0.135In0.264Sn0.601,5.934384444444459
Ga0.531In0.218Sn0.251,5.78993861111112
Ga0.394In0.370Sn0.236,6.389611388888897
Ga0.090In0.468Sn0.442,6.56053527777778
Ga0.453In0.486Sn0.061,5.3033345833333385
Ga0.288In0.323Sn0.389,6.184155833333342
Ga0.296In0.610Sn0.094,5.719361388888895
Ga0.099In0.358Sn0.543,6.220473611111118
Ga0.157In0.306Sn0.537,6.332633333333343
Ga0.253In0.707Sn0.040,5.322614861111119
Ga0.267In0.449Sn0.284,6.55532694444445
Ga0.334In0.366Sn0.300,6.425713611111119
Ga0.667In0.237Sn0.096,5.349201111111123
Ga0.310In0.482Sn0.208,6.492141388888895
Ga0.237In0.661Sn0.102,5.8681144444444495
Ga0.366In0.296Sn0.338,6.184475277777785
Ga0.007In0.457Sn0.536,6.617814166666668
Ga0.183In0.420Sn0.397,6.647737500000006
Ga0.103In0.524Sn0.373,6.631385555555558
Ga0.397In0.140Sn0.463,5.625177777777784
Ga0.463In0.340Sn0.197,6.094784166666674
Ga0.252In0.336Sn0.412,6.45581611111112
Ga0.476In0.334Sn0.190,6.005293888888897
Ga0.147In0.456Sn0.397,6.639958333333335
Ga0.384In0.311Sn0.305,6.283015555555565
Ga0.558In0.137Sn0.305,5.4464058333333405
Ga0.038In0.944Sn0.018,3.8564683333333325
Ga0.191In0.320Sn0.489,6.422114722222231
Ga0.350In0.330Sn0.320,6.260179444444454
Ga0.102In0.586Sn0.312,6.581598888888893
Ga0.350In0.218Sn0.432,5.984830277777785
Ga0.356In0.109Sn0.535,5.544342500000004
Ga0.548In0.226Sn0.226,5.807405277777787
Ga0.677In0.230Sn0.093,5.3158438888889
Ga0.462In0.351Sn0.187,6.082927777777785
Ga0.085In0.477Sn0.438,6.599185277777781
Ga0.270In0.384Sn0.346,6.4417947222222285
Ga0.602In0.223Sn0.175,5.615883055555564
Ga0.406In0.311Sn0.283,6.250289444444453
Ga0.254In0.554Sn0.192,6.590762222222228
Ga0.063In0.530Sn0.407,6.719135833333335
Ga0.196In0.589Sn0.215,6.521295277777782
Ga0.356In0.470Sn0.174,6.305972777777785
Ga0.180In0.622Sn0.198,6.425781388888893
Ga0.490In0.040Sn0.470,5.052430833333336
Ga0.850In0.134Sn0.016,5.317975694444464
Ga0.238In0.275Sn0.487,6.332869722222228
Ga0.379In0.325Sn0.296,6.324470555555564
Ga0.489In0.037Sn0.474,5.06742916666667
Ga0.210In0.518Sn0.272,6.750313333333335
Ga0.071In0.494Sn0.435,6.681408611111113
Ga0.066In0.298Sn0.636,5.65051777777779
Ga0.243In0.554Sn0.203,6.649027777777784
Ga0.384In0.258Sn0.358,6.0023880555555635
Ga0.611In0.340Sn0.049,4.84218486111112
Ga0.036In0.161Sn0.803,4.566787777777792
Ga0.474In0.043Sn0.483,5.04470777777778
Ga0.482In0.315Sn0.203,6.084667500000008
Ga0.353In0.148Sn0.499,5.697063611111117
Ga0.507In0.301Sn0.192,5.997145833333342
Ga0.620In0.117Sn0.263,5.278067777777789
Ga0.506In0.229Sn0.265,5.845556944444454
Ga0.349In0.453Sn0.198,6.398858611111118
Ga0.069In0.528Sn0.403,6.699884444444446
Ga0.331In0.451Sn0.218,6.384178055555561
Ga0.092In0.381Sn0.527,6.254467777777783
Ga0.466In0.120Sn0.414,5.447093611111115
Ga0.357In0.133Sn0.510,5.637227777777784
Ga0.239In0.379Sn0.382,6.565749444444452
Ga0.445In0.537Sn0.018,4.834787916666674
Ga0.283In0.388Sn0.329,6.428275277777785
Ga0.074In0.469Sn0.457,6.526134722222224
Ga0.266In0.485Sn0.249,6.648039444444449
Ga0.094In0.384Sn0.522,6.242660000000004
Ga0.013In0.320Sn0.667,5.581937222222236
Ga0.508In0.367Sn0.125,5.80547694444445
Ga0.384In0.128Sn0.488,5.522962777777782
Ga0.306In0.349Sn0.345,6.255893333333343
Ga0.417In0.453Sn0.130,6.006824722222228
Ga0.055In0.892Sn0.053,4.495545972222224
Ga0.573In0.221Sn0.206,5.750494722222231
Ga0.571In0.026Sn0.403,5.030441944444448
Ga0.346In0.510Sn0.144,6.382955000000004
Ga0.010In0.600Sn0.390,6.704979444444448
Ga0.572In0.003Sn0.425,4.805709444444447
Ga0.374In0.162Sn0.464,5.730533333333342
Ga0.228In0.450Sn0.322,6.728434722222229
Ga0.245In0.534Sn0.221,6.677386944444449
Ga0.659In0.004Sn0.337,4.99756333333334
Ga0.286In0.162Sn0.552,5.828665000000011
Ga0.205In0.232Sn0.563,6.1247080555555655
Ga0.346In0.474Sn0.180,6.33494222222223
Ga0.521In0.374Sn0.105,5.5996133333333376
Ga0.287In0.312Sn0.401,6.270748055555563
Ga0.245In0.453Sn0.302,6.722325833333338
Ga0.136In0.482Sn0.382,6.702503888888894
Ga0.534In0.341Sn0.125,5.691147500000006
Ga0.478In0.037Sn0.485,5.087382500000003
Ga0.499In0.386Sn0.115,5.702085277777783
Ga0.470In0.067Sn0.463,5.19916138888889
Ga0.100In0.486Sn0.414,6.690616944444447
Ga0.035In0.764Sn0.201,6.0233719444444445
Ga0.421In0.213Sn0.366,5.9023319444444535
Ga0.514In0.004Sn0.482,4.894643333333336
Ga0.126In0.443Sn0.431,6.586940555555558
Ga0.210In0.189Sn0.601,6.066688611111125
Ga0.700In0.038Sn0.262,5.2054508333333445
Ga0.237In0.132Sn0.631,5.667186944444453
Ga0.471In0.460Sn0.069,5.31050194444445
Ga0.533In0.290Sn0.177,5.84747111111112
Ga0.172In0.383Sn0.445,6.589215277777783
Ga0.288In0.708Sn0.004,4.826972638888894
Ga0.239In0.176Sn0.585,6.015530000000012
Ga0.483In0.484Sn0.033,4.853700000000009
Ga0.502In0.066Sn0.432,5.1236377777777795
Ga0.225In0.284Sn0.491,6.369739166666675
Ga0.398In0.489Sn0.113,5.933165277777785
Ga0.290In0.394Sn0.316,6.4402091666666745
Ga0.317In0.576Sn0.107,5.905407500000005
Ga0.411In0.320Sn0.269,6.23329250000001
Ga0.270In0.194Sn0.536,6.027292222222233
Ga0.731In0.153Sn0.116,5.5774997222222344
Ga0.079In0.780Sn0.141,5.432520833333334
Ga0.032In0.909Sn0.059,4.496169722222225
Ga0.074In0.891Sn0.035,4.343970138888889
Ga0.413In0.088Sn0.499,5.361530833333335
Ga0.352In0.343Sn0.305,6.364628611111121
Ga0.007In0.569Sn0.424,6.805177222222224
Ga0.325In0.413Sn0.262,6.422405555555565
Ga0.475In0.170Sn0.355,5.614502222222232
Ga0.469In0.091Sn0.440,5.287428333333336
Ga0.246In0.138Sn0.616,5.746223888888901
Ga0.230In0.607Sn0.163,6.425158888888895
Ga0.088In0.494Sn0.418,6.702953055555557
Ga0.362In0.351Sn0.287,6.43140111111112
Ga0.669In0.184Sn0.147,5.659356111111123
Ga0.233In0.413Sn0.354,6.6312808333333395
Ga0.474In0.152Sn0.374,5.609146666666674
Ga0.357In0.424Sn0.219,6.4445880555555615
Ga0.220In0.400Sn0.380,6.620901388888897
Ga0.197In0.702Sn0.101,5.690129722222227
Ga0.291In0.373Sn0.336,6.2975241666666735
Ga0.214In0.339Sn0.447,6.455120000000009
Ga0.178In0.545Sn0.277,6.690770277777782
Ga0.073In0.841Sn0.086,4.745514722222226
Ga0.365In0.395Sn0.240,6.473893611111119
Ga0.347In0.605Sn0.048,5.364422638888897
Ga0.468In0.475Sn0.057,5.183048194444451
Ga0.125In0.169Sn0.706,5.21404583333335
Ga0.169In0.383Sn0.448,6.580522500000006
Ga0.295In0.330Sn0.375,6.168469166666676
Ga0.562In0.200Sn0.238,5.722305833333344
Ga0.796In0.039Sn0.165,5.72722555555557
Ga0.435In0.106Sn0.459,5.438331388888895
Ga0.255In0.464Sn0.281,6.7083275000000055
Ga0.416In0.070Sn0.514,5.34139138888889
Ga0.535In0.230Sn0.235,5.847715833333343
Ga0.063In0.574Sn0.363,6.605964166666672
Ga0.146In0.728Sn0.126,5.729953611111112
Ga0.254In0.476Sn0.270,6.7508455555555615
Ga0.291In0.469Sn0.240,6.461529166666673
Ga0.300In0.424Sn0.276,6.42103694444445
Ga0.466In0.312Sn0.222,6.091561666666675
Ga0.153In0.420Sn0.427,6.663573888888894
Ga0.293In0.392Sn0.315,6.413225833333342
Ga0.409In0.359Sn0.232,6.326780277777786
Ga0.542In0.390Sn0.068,5.209426666666672
Ga0.442In0.349Sn0.209,6.201185000000008
Ga0.485In0.424Sn0.091,5.508607222222227
Ga0.395In0.256Sn0.349,6.0186697222222305
Ga0.510In0.330Sn0.160,5.851160277777785
Ga0.577In0.027Sn0.396,5.004419722222226
Ga0.050In0.214Sn0.736,4.9347130555555685
Ga0.230In0.371Sn0.399,6.59689222222223
Ga0.367In0.390Sn0.243,6.479513055555564
Ga0.598In0.053Sn0.349,5.032937777777781
Ga0.762In0.233Sn0.005,5.016546805555572
Ga0.345In0.272Sn0.383,6.131884166666675
Ga0.349In0.280Sn0.371,6.178208055555563
Ga0.549In0.196Sn0.255,5.719169166666676
Ga0.533In0.286Sn0.181,5.840936388888897
Ga0.583In0.187Sn0.230,5.666494444444454
Ga0.095In0.326Sn0.579,5.935020555555564
Ga0.678In0.094Sn0.228,5.41456611111112
Ga0.093In0.451Sn0.456,6.453384722222225
Ga0.304In0.198Sn0.498,5.937382777777787
Ga0.441In0.323Sn0.236,6.170247777777788
Ga0.466In0.253Sn0.281,5.9624772222222315
Ga0.280In0.402Sn0.318,6.47448583333334
Ga0.278In0.161Sn0.561,5.804708333333346
Ga0.315In0.594Sn0.091,5.706510277777782
Ga0.503In0.112Sn0.385,5.353383888888896
Ga0.336In0.030Sn0.634,5.170408611111113
Ga0.590In0.031Sn0.379,4.989966666666672
Ga0.214In0.084Sn0.702,5.263505555555558
Ga0.373In0.185Sn0.442,5.909432777777785
Ga0.287In0.380Sn0.333,6.3937036111111185
Ga0.277In0.022Sn0.701,5.166419444444448
Ga0.389In0.194Sn0.417,5.979384722222231
Ga0.370In0.596Sn0.034,5.159655694444452
Ga0.206In0.443Sn0.351,6.637390277777784
Ga0.254In0.682Sn0.064,5.586538055555561
Ga0.140In0.152Sn0.708,5.256400277777794
Ga0.187In0.121Sn0.692,5.368692500000011
Ga0.063In0.082Sn0.855,4.026870277777777
Ga0.480In0.181Sn0.339,5.705770000000008
Ga0.212In0.381Sn0.407,6.62624333333334
Ga0.163In0.610Sn0.227,6.437818333333337
Ga0.182In0.029Sn0.789,4.887298888888888
Ga0.189In0.602Sn0.209,6.506864722222226
Ga0.259In0.408Sn0.333,6.670302500000007
Ga0.606In0.166Sn0.228,5.609007777777788
Ga0.167In0.451Sn0.382,6.6235144444444485
Ga0.583In0.091Sn0.326,5.13079305555556
Ga0.598In0.239Sn0.163,5.661963055555565
Ga0.463In0.486Sn0.051,5.138003750000008
Ga0.293In0.587Sn0.120,5.998506111111117
Ga0.319In0.400Sn0.281,6.486354166666675
Ga0.506In0.443Sn0.051,5.083416666666673
Ga0.244In0.566Sn0.190,6.5529861111111165
Ga0.252In0.316Sn0.432,6.421393333333342
Ga0.402In0.510Sn0.088,5.573994722222227
Ga0.435In0.263Sn0.302,6.110023888888899
Ga0.235In0.065Sn0.700,5.268845555555554
Ga0.163In0.427Sn0.410,6.711015000000003
Ga0.518In0.480Sn0.002,4.578913888888897
Ga0.520In0.148Sn0.332,5.486305000000007
Ga0.479In0.431Sn0.090,5.492189444444449
Ga0.218In0.330Sn0.452,6.401007777777786
Ga0.139In0.529Sn0.332,6.756816111111114
Ga0.405In0.167Sn0.428,5.713856666666675
Ga0.345In0.050Sn0.605,5.297784444444442
Ga0.435In0.001Sn0.564,5.254498055555555
Ga0.095In0.362Sn0.543,6.210159166666673
Ga0.432In0.143Sn0.425,5.577973333333339
Ga0.166In0.591Sn0.243,6.489961388888893
Ga0.192In0.096Sn0.712,5.288580555555561
Ga0.176In0.341Sn0.483,6.456976944444453
Ga0.054In0.880Sn0.066,4.6214030555555565
Ga0.420In0.240Sn0.340,5.955463611111119
Ga0.415In0.278Sn0.307,6.156013333333343
Ga0.273In0.415Sn0.312,6.5596186111111185
Ga0.478In0.330Sn0.192,6.03897722222223
Ga0.714In0.259Sn0.027,4.79817541666668
Ga0.429In0.064Sn0.507,5.3186388888888905
Ga0.349In0.174Sn0.477,5.777580555555565
Ga0.348In0.540Sn0.112,6.024227500000006
Ga0.494In0.336Sn0.170,5.873468611111118
Ga0.101In0.432Sn0.467,6.462861944444447
Ga0.278In0.349Sn0.373,6.321766666666676
Ga0.367In0.309Sn0.324,6.253990000000009
Ga0.498In0.141Sn0.361,5.446929722222229
Ga0.209In0.186Sn0.605,6.010302777777793
Ga0.116In0.393Sn0.491,6.366265277777782
Ga0.066In0.454Sn0.480,6.50132638888889
Ga0.114In0.873Sn0.013,4.268509166666667
Ga0.548In0.405Sn0.047,4.9212227777777855
Ga0.788In0.049Sn0.163,5.69540027777779
Ga0.071In0.095Sn0.834,4.121366666666667
Ga0.114In0.025Sn0.861,4.231674722222221
Ga0.165In0.646Sn0.189,6.257723055555558
Ga0.320In0.432Sn0.248,6.4711736111111176
Ga0.775In0.176Sn0.049,5.344299861111126
Ga0.825In0.070Sn0.105,5.754527777777793
Ga0.488In0.373Sn0.139,5.993536666666674
Ga0.355In0.306Sn0.339,6.193006388888896
Ga0.370In0.301Sn0.329,6.251278888888898
Ga0.014In0.445Sn0.541,6.501472500000001
Ga0.348In0.305Sn0.347,6.187656388888897
Ga0.864In0.007Sn0.129,5.74685500000002
Ga0.233In0.107Sn0.660,5.481914166666674
Ga0.066In0.569Sn0.365,6.573265555555561
Ga0.520In0.232Sn0.248,5.826550833333344
Ga0.143In0.631Sn0.226,6.321981111111114
Ga0.433In0.138Sn0.429,5.570346666666672
Ga0.155In0.288Sn0.557,6.218051666666676
Ga0.104In0.630Sn0.266,6.4299122222222245
Ga0.577In0.078Sn0.345,5.1496036111111145
Ga0.155In0.381Sn0.464,6.508625277777785
Ga0.447In0.073Sn0.480,5.25999388888889
Ga0.554In0.132Sn0.314,5.361031666666673
Ga0.094In0.557Sn0.349,6.574842222222227
Ga0.328In0.352Sn0.320,6.307643333333344
Ga0.124In0.337Sn0.539,6.178014444444453
Ga0.484In0.104Sn0.412,5.366748611111117
Ga0.484In0.183Sn0.333,5.764120000000009
Ga0.339In0.393Sn0.268,6.451731666666675
Ga0.382In0.549Sn0.069,5.5601958333333386
Ga0.542In0.195Sn0.263,5.732353888888899
Ga0.296In0.621Sn0.083,5.5760938888888925
Ga0.286In0.146Sn0.568,5.769933333333341
Ga0.612In0.077Sn0.311,5.229833888888893
Ga0.125In0.578Sn0.297,6.6092816666666705
Ga0.644In0.257Sn0.099,5.3455463888889
Ga0.253In0.426Sn0.321,6.662826944444451
Ga0.395In0.147Sn0.458,5.670820000000006
Ga0.334In0.253Sn0.413,6.04148361111112
Ga0.313In0.091Sn0.596,5.454781111111115
Ga0.001In0.741Sn0.258,6.327659444444445
Ga0.247In0.408Sn0.345,6.621857500000006
Ga0.205In0.556Sn0.239,6.581768888888893
Ga0.216In0.446Sn0.338,6.676634722222228
Ga0.280In0.472Sn0.248,6.512623888888894
Ga0.231In0.401Sn0.368,6.618526388888895
Ga0.363In0.524Sn0.113,6.015557222222228
Ga0.480In0.401Sn0.119,5.8005113888888955
Ga0.179In0.814Sn0.007,4.645998750000005
Ga0.608In0.110Sn0.282,5.346813333333342
Ga0.328In0.070Sn0.602,5.410731111111111
Ga0.219In0.742Sn0.039,5.1173063888888946
Ga0.334In0.492Sn0.174,6.371286111111117
Ga0.641In0.168Sn0.191,5.583848888888899
Ga0.092In0.327Sn0.581,5.931978888888897
Ga0.267In0.348Sn0.385,6.329829166666676
Ga0.221In0.381Sn0.398,6.609398888888896
Ga0.030In0.352Sn0.618,5.911022222222233
Ga0.392In0.501Sn0.107,5.951835000000005
Ga0.264In0.722Sn0.014,4.961242500000005
Ga0.563In0.092Sn0.345,5.145656666666671
Ga0.321In0.289Sn0.390,6.168381388888897
Ga0.434In0.273Sn0.293,6.160552222222231
Ga0.257In0.460Sn0.283,6.685035277777784
Ga0.234In0.461Sn0.305,6.74621194444445
Ga0.151In0.421Sn0.428,6.648381666666671
Ga0.070In0.813Sn0.117,5.136686944444449
Ga0.357In0.556Sn0.087,5.709492500000005
Ga0.289In0.148Sn0.563,5.745358333333342
Ga0.354In0.507Sn0.139,6.34445055555556
Ga0.296In0.703Sn0.001,4.790843750000004
Ga0.085In0.491Sn0.424,6.687039166666669
Ga0.174In0.349Sn0.477,6.47395722222223
Ga0.450In0.154Sn0.396,5.638035555555563
Ga0.402In0.365Sn0.233,6.329774166666675
Ga0.522In0.146Sn0.332,5.465861666666673
Ga0.512In0.090Sn0.398,5.331614166666671
Ga0.309In0.436Sn0.255,6.488081388888895
Ga0.357In0.530Sn0.113,6.028008055555561
Ga0.438In0.413Sn0.149,6.111571111111117
Ga0.070In0.324Sn0.606,5.7919088888889005
Ga0.044In0.459Sn0.497,6.648958055555556
Ga0.602In0.358Sn0.040,4.860509861111119
Ga0.163In0.650Sn0.187,6.2540230555555585
Ga0.156In0.815Sn0.029,4.686003055555559
Ga0.424In0.253Sn0.323,5.996146666666676
Ga0.643In0.324Sn0.033,4.708906250000011
Ga0.477In0.034Sn0.489,5.046636388888892
Ga0.043In0.722Sn0.235,6.268874444444445
Ga0.451In0.198Sn0.351,5.8051586111111195
Ga0.465In0.397Sn0.138,6.034310555555561
Ga0.248In0.081Sn0.671,5.265040555555558
Ga0.288In0.362Sn0.350,6.304560277777784
Ga0.552In0.214Sn0.234,5.775805833333343
Ga0.239In0.381Sn0.380,6.574301666666675
Ga0.274In0.418Sn0.308,6.596243611111118
Ga0.346In0.342Sn0.312,6.336642500000011
Ga0.198In0.398Sn0.404,6.692154166666672
Ga0.097In0.444Sn0.459,6.468662500000002
Ga0.330In0.223Sn0.447,5.946580833333342
Ga0.206In0.434Sn0.360,6.627258611111118
Ga0.296In0.329Sn0.375,6.162785833333343
Ga0.382In0.198Sn0.420,5.969659166666675
Ga0.323In0.658Sn0.019,4.929909583333341
Ga0.202In0.496Sn0.302,6.8594619444444485
Ga0.247In0.353Sn0.400,6.55732861111112
Ga0.551In0.376Sn0.073,5.187500555555561
Ga0.370In0.541Sn0.089,5.706320833333339
Ga0.337In0.461Sn0.202,6.403203055555562
Ga0.118In0.481Sn0.401,6.728845555555559
Ga0.172In0.612Sn0.216,6.436055000000003
Ga0.262In0.041Sn0.697,5.159812222222224
Ga0.463In0.413Sn0.124,5.880509166666672
Ga0.349In0.193Sn0.458,5.932199166666674
Ga0.440In0.107Sn0.453,5.394411944444451
Ga0.465In0.472Sn0.063,5.299389166666672
Ga0.451In0.136Sn0.413,5.55943944444445
Ga0.347In0.133Sn0.520,5.683145000000005
Ga0.193In0.244Sn0.563,6.170860833333344
Ga0.549In0.229Sn0.222,5.805571944444453
Ga0.244In0.418Sn0.338,6.665354722222228
Ga0.284In0.371Sn0.345,6.295701944444451
Ga0.429In0.136Sn0.435,5.553166666666673
Ga0.895In0.044Sn0.061,5.348581944444467
Ga0.257In0.270Sn0.473,6.269426111111119
Ga0.616In0.134Sn0.250,5.433700000000011
Ga0.413In0.196Sn0.391,5.9286208333333414
Ga0.505In0.388Sn0.107,5.64555305555556
Ga0.490In0.065Sn0.445,5.186867777777779
Ga0.191In0.184Sn0.625,5.92668555555557
Ga0.094In0.715Sn0.191,6.027398055555556
Ga0.224In0.694Sn0.082,5.557343333333338
Ga0.107In0.425Sn0.468,6.3908875000000025
Ga0.424In0.557Sn0.019,4.904901805555562
Ga0.592In0.138Sn0.270,5.4484030555555645
Ga0.290In0.436Sn0.274,6.481609166666671
Ga0.361In0.266Sn0.373,6.120166388888898
Ga0.341In0.273Sn0.386,6.097817500000008
Ga0.262In0.611Sn0.127,6.183866944444451
Ga0.524In0.193Sn0.283,5.781553888888898
Ga0.141In0.642Sn0.217,6.29202277777778
Ga0.158In0.004Sn0.838,4.778928611111108
Ga0.523In0.189Sn0.288,5.786343333333344
Ga0.283In0.283Sn0.434,6.183169166666675
Ga0.492In0.348Sn0.160,5.946785833333341
Ga0.202In0.255Sn0.543,6.269821944444455
Ga0.391In0.205Sn0.404,6.044828055555563
Ga0.253In0.471Sn0.276,6.71381083333334
Ga0.230In0.288Sn0.482,6.375358888888896
Ga0.161In0.169Sn0.670,5.549743055555573
Ga0.533In0.436Sn0.031,4.792848611111118
Ga0.693In0.160Sn0.147,5.552378055555567
Ga0.707In0.057Sn0.236,5.355379166666677
Ga0.363In0.352Sn0.285,6.44318722222223
Ga0.263In0.501Sn0.236,6.762272777777782
Ga0.403In0.189Sn0.408,5.938403055555564
Ga0.266In0.393Sn0.341,6.4539358333333405
Ga0.144In0.711Sn0.145,5.908521388888894
Ga0.401In0.403Sn0.196,6.3150000000000075
Ga0.382In0.563Sn0.055,5.389729444444451
Ga0.174In0.047Sn0.779,4.918126111111106
Ga0.391In0.150Sn0.459,5.697479444444451
Ga0.232In0.123Sn0.645,5.5763105555555645
Ga0.058In0.799Sn0.143,5.468135833333334
Ga0.101In0.573Sn0.326,6.618733888888893
Ga0.277In0.475Sn0.248,6.577534444444449
Ga0.311In0.548Sn0.141,6.2674547222222285
Ga0.107In0.438Sn0.455,6.423477500000003
Ga0.357In0.383Sn0.260,6.455900000000009
Ga0.650In0.112Sn0.238,5.411840833333343
Ga0.106In0.196Sn0.698,5.112901666666683
Ga0.623In0.135Sn0.242,5.4513188888889
Ga0.406In0.440Sn0.154,6.237177222222229
Ga0.166In0.567Sn0.267,6.600742777777781
Ga0.537In0.309Sn0.154,5.886048888888897
Ga0.666In0.050Sn0.284,5.156008888888896
Ga0.283In0.598Sn0.119,6.016009166666671
Ga0.139In0.587Sn0.274,6.548677222222227
Ga0.350In0.469Sn0.181,6.3199733333333405
Ga0.144In0.709Sn0.147,5.938304722222227
Ga0.667In0.054Sn0.279,5.1805055555555635
Ga0.161In0.334Sn0.505,6.408956666666675
Ga0.329In0.076Sn0.595,5.439269444444446
Ga0.034In0.169Sn0.797,4.598599166666681
Ga0.331In0.351Sn0.318,6.311749444444454
Ga0.311In0.594Sn0.095,5.775093888888892
Ga0.141In0.476Sn0.383,6.702343888888893
Ga0.452In0.328Sn0.220,6.112286666666676
Ga0.627In0.309Sn0.064,5.035146944444454
Ga0.364In0.500Sn0.136,6.282047777777784
Ga0.283In0.341Sn0.376,6.225076388888898
Ga0.344In0.234Sn0.422,6.0084841666666735
Ga0.603In0.035Sn0.362,4.999079444444451
Ga0.064In0.652Sn0.284,6.517428333333336
Ga0.359In0.471Sn0.170,6.302656111111118
Ga0.265In0.324Sn0.411,6.323858333333342
Ga0.383In0.103Sn0.514,5.49859444444445
Ga0.030In0.682Sn0.288,6.61438416666667
Ga0.279In0.566Sn0.155,6.403223333333338
Ga0.637In0.311Sn0.052,4.887420416666677
Ga0.142In0.498Sn0.360,6.752326111111115
Ga0.324In0.340Sn0.336,6.185269166666674
Ga0.467In0.246Sn0.287,5.996298888888897
Ga0.460In0.338Sn0.202,6.097062222222231
Ga0.464In0.243Sn0.293,5.991408888888897
Ga0.228In0.640Sn0.132,6.136074722222227
Ga0.701In0.110Sn0.189,5.497980555555566
Ga0.390In0.340Sn0.270,6.317421944444454
Ga0.463In0.396Sn0.141,6.077550833333339
Ga0.390In0.240Sn0.370,6.052376388888898
Ga0.405In0.573Sn0.022,4.905924861111117
Ga0.216In0.236Sn0.548,6.211621944444453
Ga0.338In0.505Sn0.157,6.376963333333338
Ga0.197In0.504Sn0.299,6.8923225000000015
Ga0.474In0.358Sn0.168,5.991568055555562
Ga0.387In0.041Sn0.572,5.299765833333333
Ga0.687In0.159Sn0.154,5.537198611111123
Ga0.581In0.209Sn0.210,5.7155152777777865
Ga0.713In0.090Sn0.197,5.470586666666675
Ga0.339In0.442Sn0.219,6.460096944444451
Ga0.513In0.248Sn0.239,5.8655477777777865
Ga0.235In0.513Sn0.252,6.791313333333336
Ga0.104In0.381Sn0.515,6.232707222222228
Ga0.056In0.102Sn0.842,4.134040555555558
Ga0.490In0.404Sn0.106,5.691023333333338
Ga0.419In0.267Sn0.314,6.119910555555565
Ga0.425In0.208Sn0.367,5.9023319444444535
Ga0.334In0.293Sn0.373,6.196231388888897
Ga0.689In0.132Sn0.179,5.450968055555566
Ga0.449In0.180Sn0.371,5.824533333333343
Ga0.137In0.552Sn0.311,6.696587777777782
Ga0.242In0.403Sn0.355,6.612625277777784
Ga0.395In0.025Sn0.580,5.274148611111112
Ga0.354In0.364Sn0.282,6.42986361111112
Ga0.512In0.251Sn0.237,5.859328333333343
Ga0.319In0.137Sn0.544,5.689726666666675
Ga0.399In0.525Sn0.076,5.51698055555556
Ga0.631In0.306Sn0.063,5.024964166666675
Ga0.117In0.250Sn0.633,5.660477222222236
Ga0.476In0.363Sn0.161,5.965664722222229
Ga0.207In0.374Sn0.419,6.588632777777785
Ga0.442In0.469Sn0.089,5.5324055555555605
Ga0.319In0.448Sn0.233,6.390985277777784
Ga0.326In0.245Sn0.429,6.015775833333342
Ga0.488In0.161Sn0.351,5.597044166666675
Ga0.744In0.193Sn0.063,5.417156111111124
Ga0.332In0.370Sn0.298,6.422205277777786
Ga0.632In0.353Sn0.015,4.647902083333343
Ga0.006In0.505Sn0.489,6.9886994444444435
Ga0.270In0.356Sn0.374,6.412772777777787
Ga0.296In0.461Sn0.243,6.437734166666672
Ga0.617In0.369Sn0.014,4.589051250000009
Ga0.280In0.443Sn0.277,6.514819166666672
Ga0.529In0.052Sn0.419,5.056636111111111
Ga0.423In0.038Sn0.539,5.237737777777779
Ga0.488In0.140Sn0.372,5.551649722222228
Ga0.429In0.408Sn0.163,6.206040555555562
Ga0.460In0.297Sn0.243,6.150086111111121
Ga0.478In0.306Sn0.216,6.072384444444452
Ga0.300In0.249Sn0.451,5.974004722222231
Ga0.040In0.598Sn0.362,6.632238055555561
Ga0.281In0.280Sn0.439,6.160668055555563
Ga0.092In0.632Sn0.276,6.4696611111111135
Ga0.419In0.491Sn0.090,5.691911111111116
Ga0.150In0.415Sn0.435,6.608156666666671
Ga0.402In0.376Sn0.222,6.306804722222229
Ga0.334In0.544Sn0.122,6.051063888888895
Ga0.278In0.339Sn0.383,6.241154166666675
Ga0.114In0.378Sn0.508,6.259298333333339
Ga0.404In0.352Sn0.244,6.293956666666676
Ga0.055In0.477Sn0.468,6.7306661111111135
Ga0.240In0.231Sn0.529,6.224527777777785
Ga0.353In0.083Sn0.564,5.456082777777778
Ga0.022In0.571Sn0.407,6.735452777777781
Ga0.843In0.092Sn0.065,5.559127222222239
Ga0.368In0.370Sn0.262,6.418053333333342
Ga0.441In0.237Sn0.322,5.969075555555565
Ga0.220In0.494Sn0.286,6.799509166666671
Ga0.298In0.403Sn0.299,6.48657583333334
Ga0.179In0.145Sn0.676,5.461560000000015
Ga0.321In0.355Sn0.324,6.323169166666677
Ga0.450In0.437Sn0.113,5.796243611111117
Ga0.205In0.371Sn0.424,6.554811111111119
Ga0.283In0.470Sn0.247,6.500896666666672
Ga0.267In0.558Sn0.175,6.417384444444449
Ga0.287In0.231Sn0.482,5.909928611111118
Ga0.195In0.472Sn0.333,6.763695833333339
Ga0.192In0.461Sn0.347,6.678818055555561
Ga0.419In0.541Sn0.040,5.186420972222229
Ga0.190In0.375Sn0.435,6.5733966666666745
Ga0.564In0.119Sn0.317,5.304127777777785
Ga0.312In0.618Sn0.070,5.529572500000005
Ga0.486In0.447Sn0.067,5.274744722222227
Ga0.029In0.446Sn0.525,6.526951111111113
Ga0.109In0.406Sn0.485,6.4274422222222265
Ga0.175In0.364Sn0.461,6.4929741666666745
Ga0.161In0.505Sn0.334,6.85770888888889
Ga0.800In0.165Sn0.035,5.392246805555573
Ga0.353In0.258Sn0.389,6.057193055555564
Ga0.076In0.410Sn0.514,6.260811388888892
Ga0.599In0.106Sn0.295,5.330225555555564
Ga0.294In0.233Sn0.473,5.888045277777785
Ga0.686In0.003Sn0.311,5.040315277777785
Ga0.256In0.186Sn0.558,6.072710555555567
Ga0.010In0.548Sn0.442,6.804343333333334
Ga0.626In0.030Sn0.344,4.960542222222229
Ga0.378In0.377Sn0.245,6.3963969444444535
Ga0.392In0.252Sn0.356,5.992045277777787
Ga0.829In0.037Sn0.134,5.809037500000018
Ga0.087In0.478Sn0.435,6.606390833333336
Ga0.414In0.320Sn0.266,6.243875833333344
Ga0.597In0.278Sn0.125,5.519023888888894
Ga0.378In0.344Sn0.278,6.36260222222223
Ga0.732In0.142Sn0.126,5.605835000000011
Ga0.354In0.513Sn0.133,6.239339444444449
Ga0.349In0.269Sn0.382,6.12133972222223
Ga0.305In0.424Sn0.271,6.474235555555562
Ga0.329In0.451Sn0.220,6.39432694444445
Ga0.125In0.682Sn0.193,6.161888611111111
Ga0.199In0.419Sn0.382,6.6573402777777835
Ga0.149In0.260Sn0.591,6.007500000000012
Ga0.421In0.127Sn0.452,5.500275833333339
Ga0.165In0.340Sn0.495,6.441873333333342
Ga0.467In0.459Sn0.074,5.302062500000005
Ga0.282In0.262Sn0.456,6.067917500000008
Ga0.405In0.255Sn0.340,5.964546388888897
Ga0.160In0.392Sn0.448,6.606588888888895
Ga0.594In0.197Sn0.209,5.749846944444454
Ga0.377In0.321Sn0.302,6.317548888888898
Ga0.438In0.399Sn0.163,6.146690555555563
Ga0.186In0.495Sn0.319,6.865998055555559
Ga0.052In0.455Sn0.493,6.623303611111112
Ga0.209In0.242Sn0.549,6.186885833333343
Ga0.625In0.351Sn0.024,4.633483472222232
Ga0.572In0.237Sn0.191,5.702604722222231
Ga0.006In0.826Sn0.168,5.527203611111115
Ga0.609In0.247Sn0.144,5.6338775000000085
Ga0.131In0.424Sn0.445,6.481273888888892
Ga0.490In0.406Sn0.104,5.653828888888894
Ga0.610In0.141Sn0.249,5.435045277777788
Ga0.342In0.310Sn0.348,6.156923055555564
Ga0.381In0.271Sn0.348,6.069100277777785
Ga0.693In0.063Sn0.244,5.2975872222222335
Ga0.280In0.402Sn0.318,6.47448583333334
Ga0.498In0.079Sn0.423,5.194850277777779
Ga0.631In0.029Sn0.340,4.989335555555563
Ga0.100In0.203Sn0.697,5.166320555555571
Ga0.485In0.376Sn0.139,5.9683891666666735
Ga0.404In0.334Sn0.262,6.220129722222233
Ga0.368In0.289Sn0.343,6.151914166666675
Ga0.151In0.579Sn0.270,6.585051388888892
Ga0.355In0.393Sn0.252,6.454133055555564
Ga0.343In0.279Sn0.378,6.132816944444452
Ga0.674In0.087Sn0.239,5.377838333333343
Ga0.164In0.238Sn0.598,6.074393333333346
Ga0.092In0.144Sn0.764,4.7246150000000116
Ga0.425In0.407Sn0.168,6.189376666666674
Ga0.134In0.444Sn0.422,6.590841111111116
Ga0.497In0.447Sn0.056,5.082364305555562
Ga0.293In0.349Sn0.358,6.184703333333343
Ga0.393In0.498Sn0.109,5.984820000000005
Ga0.280In0.456Sn0.264,6.4790441666666725
Ga0.492In0.096Sn0.412,5.3247997222222265
Ga0.707In0.075Sn0.218,5.465620000000009
Ga0.216In0.139Sn0.645,5.6776152777777895
Ga0.007In0.557Sn0.436,6.820713333333335
Ga0.128In0.499Sn0.373,6.72946166666667
Ga0.281In0.480Sn0.239,6.51186555555556
Ga0.413In0.170Sn0.417,5.801066666666674
Ga0.405In0.178Sn0.417,5.838523333333342
Ga0.375In0.421Sn0.204,6.410157222222228
Ga0.411In0.344Sn0.245,6.254291666666677
Ga0.285In0.345Sn0.370,6.228582222222231
Ga0.240In0.315Sn0.445,6.458061111111118
Ga0.064In0.644Sn0.292,6.589367222222226
Ga0.509In0.276Sn0.215,5.957140000000008
Ga0.262In0.420Sn0.318,6.617076944444451
Ga0.089In0.656Sn0.255,6.328611666666669
Ga0.299In0.335Sn0.366,6.127033055555565
Ga0.518In0.331Sn0.151,5.870842777777786
Ga0.273In0.527Sn0.200,6.581440833333338
Ga0.311In0.333Sn0.356,6.16484750000001
Ga0.288In0.484Sn0.228,6.540028611111114
Ga0.263In0.056Sn0.681,5.169797222222223
Ga0.482In0.334Sn0.184,5.98271222222223
Ga0.569In0.093Sn0.338,5.141867222222227
Ga0.373In0.620Sn0.007,4.904559305555562
Ga0.097In0.308Sn0.595,5.86877500000001
Ga0.272In0.627Sn0.101,5.799670277777781
Ga0.423In0.197Sn0.380,5.923826944444453
Ga0.484In0.326Sn0.190,5.999386666666675
Ga0.109In0.226Sn0.665,5.3809266666666815
Ga0.376In0.421Sn0.203,6.410157222222228
Ga0.402In0.311Sn0.287,6.274325000000009
Ga0.389In0.483Sn0.128,6.086925833333338
Ga0.017In0.477Sn0.506,6.774186666666667
Ga0.471In0.074Sn0.455,5.217064444444446
Ga0.109In0.448Sn0.443,6.488660833333336
Ga0.324In0.291Sn0.385,6.170211944444453
Ga0.277In0.509Sn0.214,6.615203333333337
Ga0.384In0.353Sn0.263,6.3603175000000105
Ga0.383In0.492Sn0.125,6.1227925000000045
Ga0.342In0.357Sn0.301,6.427986388888897
Ga0.484In0.112Sn0.404,5.41973305555556
Ga0.411In0.001Sn0.588,5.238766388888887
Ga0.240In0.659Sn0.101,5.845404444444447
Ga0.180In0.486Sn0.334,6.815492500000003
Ga0.263In0.241Sn0.496,6.171710833333342
Ga0.253In0.281Sn0.466,6.305838888888897
Ga0.472In0.266Sn0.262,5.9888383333333435
Ga0.418In0.254Sn0.328,6.030135555555565
Ga0.398In0.341Sn0.261,6.262156944444455
Ga0.378In0.230Sn0.392,6.0072713888888964
Ga0.349In0.247Sn0.404,6.107684166666675
Ga0.321In0.071Sn0.608,5.362268888888889
Ga0.284In0.662Sn0.054,5.342699722222227
Ga0.386In0.360Sn0.254,6.359546944444453
Ga0.230In0.188Sn0.582,6.102750000000011
Ga0.265In0.429Sn0.306,6.622115833333339
Ga0.685In0.309Sn0.006,4.5860315277777906
Ga0.508In0.232Sn0.260,5.842754166666677
Ga0.238In0.244Sn0.518,6.245922777777786
Ga0.328In0.321Sn0.351,6.140036388888898
Ga0.243In0.485Sn0.272,6.784711111111116
Ga0.288In0.349Sn0.363,6.227082222222231
Ga0.378In0.162Sn0.460,5.735328333333342
Ga0.292In0.409Sn0.299,6.50267583333334
Ga0.295In0.668Sn0.037,5.151401250000006
Ga0.092In0.567Sn0.341,6.584453333333337
Ga0.682In0.177Sn0.141,5.569154444444455
Ga0.223In0.420Sn0.357,6.62660083333334
Ga0.448In0.329Sn0.223,6.131070000000009
Ga0.239In0.410Sn0.351,6.64055194444445
Ga0.514In0.099Sn0.387,5.322492500000005
Ga0.229In0.474Sn0.297,6.825782500000005
Ga0.345In0.280Sn0.375,6.169433611111119
Ga0.401In0.227Sn0.372,5.969630277777785
Ga0.435In0.086Sn0.479,5.324718333333335
Ga0.283In0.361Sn0.356,6.308421388888896
Ga0.585In0.164Sn0.251,5.50637000000001
Ga0.461In0.235Sn0.304,5.991786666666676
Ga0.379In0.239Sn0.382,6.037732500000009
Ga0.292In0.183Sn0.525,5.936836388888898
Ga0.404In0.331Sn0.265,6.2353352777777875
Ga0.764In0.190Sn0.046,5.354296527777792
Ga0.132In0.420Sn0.448,6.466151666666671
Ga0.021In0.375Sn0.604,5.984795277777787
Ga0.149In0.429Sn0.422,6.659408888888892
Ga0.054In0.468Sn0.478,6.6777716666666675
Ga0.261In0.190Sn0.549,6.0461438888889
Ga0.404In0.513Sn0.083,5.5554680555555604
Ga0.194In0.358Sn0.448,6.576848888888898
Ga0.466In0.424Sn0.110,5.720185833333338
Ga0.334In0.222Sn0.444,5.960852500000008
Ga0.043In0.347Sn0.610,5.88798000000001
Ga0.237In0.318Sn0.445,6.458061111111118
Ga0.537In0.424Sn0.039,4.907743333333341
Ga0.685In0.075Sn0.240,5.396744444444455
Ga0.467In0.076Sn0.457,5.257670000000002
Ga0.297In0.366Sn0.337,6.2706158333333395
Ga0.528In0.267Sn0.205,5.933030000000009
Ga0.701In0.130Sn0.169,5.467201944444454
Ga0.129In0.524Sn0.347,6.65169666666667
Ga0.486In0.309Sn0.205,6.073784166666675
Ga0.825In0.020Sn0.155,5.8436633333333505
Ga0.337In0.307Sn0.356,6.143362500000008
Ga0.029In0.522Sn0.449,6.822108333333333
Ga0.148In0.400Sn0.452,6.546827222222227
Ga0.169In0.348Sn0.483,6.486278888888897
Ga0.299In0.205Sn0.496,5.878482777777786
Ga0.405In0.040Sn0.555,5.2501644444444455
Ga0.359In0.199Sn0.442,5.973078611111119
Ga0.026In0.293Sn0.681,5.443240000000016
Ga0.359In0.052Sn0.589,5.316228611111107
Ga0.356In0.114Sn0.530,5.5805994444444496
Ga0.558In0.061Sn0.381,5.133566666666668
Ga0.329In0.525Sn0.146,6.327513611111115
Ga0.338In0.481Sn0.181,6.321856111111117
Ga0.256In0.457Sn0.287,6.703312500000005
Ga0.509In0.232Sn0.259,5.830340277777787
Ga0.261In0.158Sn0.581,5.863191388888902
Ga0.109In0.421Sn0.470,6.426029722222226
Ga0.327In0.343Sn0.330,6.24213500000001
Ga0.310In0.478Sn0.212,6.506741388888894
Ga0.174In0.449Sn0.377,6.653292777777782
Ga0.170In0.310Sn0.520,6.338695277777786
Ga0.175In0.619Sn0.206,6.429971111111114
Ga0.567In0.296Sn0.137,5.688186666666673
Ga0.577In0.362Sn0.061,5.009005555555562
Ga0.637In0.070Sn0.293,5.20555583333334
Ga0.204In0.264Sn0.532,6.264694722222232
Ga0.402In0.209Sn0.389,5.919030277777786
Ga0.184In0.593Sn0.223,6.533687500000004
Ga0.025In0.462Sn0.513,6.6328836111111125
Ga0.679In0.298Sn0.023,4.7150426388889
Ga0.718In0.145Sn0.137,5.612081111111122
Ga0.393In0.522Sn0.085,5.609891944444449
Ga0.346In0.497Sn0.157,6.415250000000006
Ga0.223In0.230Sn0.547,6.152170833333342
Ga0.150In0.298Sn0.552,6.201678888888898
Ga0.637In0.087Sn0.276,5.234131111111118
Ga0.439In0.298Sn0.263,6.159251388888899
Ga0.470In0.388Sn0.142,6.052717500000005
Ga0.314In0.502Sn0.184,6.445146111111115
Ga0.136In0.514Sn0.350,6.737999444444448
Ga0.443In0.358Sn0.199,6.24674972222223
Ga0.233In0.450Sn0.317,6.721181388888895
Ga0.253In0.050Sn0.697,5.165276944444443
Ga0.284In0.373Sn0.343,6.306468611111118
Ga0.299In0.352Sn0.349,6.21374611111112
Ga0.575In0.329Sn0.096,5.29306833333334
Ga0.306In0.341Sn0.353,6.183572500000009
Ga0.518In0.029Sn0.453,4.991814444444448
Ga0.429In0.177Sn0.394,5.794800000000008
Ga0.373In0.145Sn0.482,5.62323333333334
Ga0.293In0.327Sn0.380,6.15807250000001
Ga0.095In0.215Sn0.690,5.179227777777793
Ga0.196In0.319Sn0.485,6.442344166666675
Ga0.213In0.388Sn0.399,6.66172083333334
Ga0.356In0.559Sn0.085,5.701625277777782
Ga0.508In0.396Sn0.096,5.535193333333338
Ga0.339In0.468Sn0.193,6.382205277777785
Ga0.442In0.312Sn0.246,6.149225000000009
Ga0.441In0.206Sn0.353,5.814637500000009
Ga0.176In0.465Sn0.359,6.683845000000005
Ga0.362In0.376Sn0.262,6.436486666666675
Ga0.412In0.264Sn0.324,6.067178888888899
Ga0.133In0.602Sn0.265,6.444596666666671
Ga0.322In0.009Sn0.669,5.084240277777781
Ga0.248In0.368Sn0.384,6.495400000000009
Ga0.115In0.350Sn0.535,6.22197972222223
Ga0.072In0.441Sn0.487,6.455020000000002
Ga0.209In0.253Sn0.538,6.212411944444454
Ga0.519In0.224Sn0.257,5.763870833333343
Ga0.311In0.426Sn0.263,6.490274444444452
Ga0.013In0.091Sn0.896,3.878116666666668
Ga0.499In0.235Sn0.266,5.919384722222232
Ga0.149In0.229Sn0.622,5.814270555555568
Ga0.239In0.450Sn0.311,6.710348055555561
Ga0.010In0.449Sn0.541,6.540435555555558
Ga0.340In0.327Sn0.333,6.234436944444453
Ga0.282In0.582Sn0.136,6.193490555555562
Ga0.233In0.269Sn0.498,6.325130833333341
Ga0.416In0.300Sn0.284,6.276686111111119
Ga0.419In0.129Sn0.452,5.500275833333339
Ga0.220In0.516Sn0.264,6.794398055555559
Ga0.464In0.502Sn0.034,4.971840416666677
Ga0.447In0.329Sn0.224,6.131070000000009
Ga0.458In0.080Sn0.462,5.263164166666669
Ga0.523In0.236Sn0.241,5.89463861111112
Ga0.491In0.096Sn0.413,5.326688611111115
Ga0.801In0.197Sn0.002,5.263423194444463
Ga0.265In0.375Sn0.360,6.363417777777786
Ga0.459In0.159Sn0.382,5.637841111111119
Ga0.304In0.325Sn0.371,6.2500936111111205
Ga0.025In0.307Sn0.668,5.5225850000000145
Ga0.413In0.531Sn0.056,5.332775277777785
Ga0.218In0.225Sn0.557,6.160412500000009
Ga0.449In0.042Sn0.509,5.1389025
Ga0.246In0.319Sn0.435,6.421473333333342
Ga0.451In0.331Sn0.218,6.11427611111112
Ga0.098In0.350Sn0.552,6.113904166666674
Ga0.312In0.107Sn0.581,5.591760277777783
Ga0.277In0.388Sn0.335,6.444099722222228
Ga0.397In0.352Sn0.251,6.334292777777787
Ga0.557In0.050Sn0.393,5.031938333333334
Ga0.259In0.289Sn0.452,6.325098888888897
Ga0.151In0.259Sn0.590,5.996480555555568
Ga0.037In0.325Sn0.638,5.721599166666679
Ga0.543In0.109Sn0.348,5.247920833333339
Ga0.287In0.186Sn0.527,5.991396944444453
Ga0.048In0.559Sn0.393,6.68331027777778
Ga0.046In0.587Sn0.367,6.630182500000005
Ga0.698In0.249Sn0.053,4.945814305555569
Ga0.780In0.145Sn0.075,5.556694444444458
Ga0.433In0.414Sn0.153,6.216096111111119
Ga0.426In0.465Sn0.109,5.870174722222227
Ga0.459In0.304Sn0.237,6.13440611111112
Ga0.158In0.293Sn0.549,6.295463888888897
Ga0.326In0.130Sn0.544,5.6166369444444495
Ga0.388In0.098Sn0.514,5.481490277777782
Ga0.224In0.426Sn0.350,6.640427500000006
Ga0.274In0.188Sn0.538,5.9923038888889
Ga0.263In0.317Sn0.420,6.393925000000008
Ga0.185In0.564Sn0.251,6.626016111111115
Ga0.433In0.402Sn0.165,6.206265555555563
Ga0.321In0.347Sn0.332,6.266346666666677
Ga0.711In0.052Sn0.237,5.289665833333344
Ga0.171In0.402Sn0.427,6.6875216666666715
Ga0.735In0.262Sn0.003,4.793388472222238
Ga0.491In0.191Sn0.318,5.784280833333342
Ga0.294In0.341Sn0.365,6.146229722222231
Ga0.437In0.548Sn0.015,4.805672083333339
Ga0.115In0.265Sn0.620,5.727298888888901
Ga0.347In0.406Sn0.247,6.478790833333342
Ga0.531In0.124Sn0.345,5.311006388888894
Ga0.409In0.266Sn0.325,6.082491666666677
Ga0.364In0.320Sn0.316,6.293470555555565
Ga0.163In0.481Sn0.356,6.727075000000005
Ga0.070In0.501Sn0.429,6.736444722222224
Ga0.151In0.661Sn0.188,6.225787222222223
Ga0.364In0.293Sn0.343,6.183394722222229
Ga0.284In0.346Sn0.370,6.228582222222231
Ga0.362In0.298Sn0.340,6.19363083333334
Ga0.049In0.740Sn0.211,6.165021944444445
Ga0.283In0.412Sn0.305,6.5314919444444515
Ga0.303In0.365Sn0.332,6.338188055555563
Ga0.394In0.264Sn0.342,6.070658055555564
Ga0.385In0.550Sn0.065,5.535068611111116
Ga0.484In0.244Sn0.272,5.937742222222232
Ga0.348In0.157Sn0.495,5.708725277777786
Ga0.053In0.353Sn0.594,5.971414166666676
Ga0.381In0.344Sn0.275,6.3614355555555635
Ga0.491In0.301Sn0.208,6.099100277777786
Ga0.461In0.292Sn0.247,6.116908333333343
Ga0.420In0.416Sn0.164,6.199315555555563
Ga0.173In0.479Sn0.348,6.732321666666671
Ga0.237In0.478Sn0.285,6.756195833333338
Ga0.051In0.569Sn0.380,6.676576944444449
Ga0.121In0.076Sn0.803,4.538006388888889
Ga0.226In0.647Sn0.127,6.069561388888895
Ga0.215In0.315Sn0.470,6.4308538888888975
Ga0.473In0.152Sn0.375,5.609146666666674
Ga0.204In0.303Sn0.493,6.381755277777785
Ga0.372In0.338Sn0.290,6.3000516666666755
Ga0.076In0.401Sn0.523,6.229897500000003
Ga0.535In0.246Sn0.219,5.832950277777786
Ga0.628In0.292Sn0.080,5.085186388888897
Ga0.111In0.661Sn0.228,6.225310277777779
Ga0.251In0.362Sn0.387,6.516608888888898
Ga0.360In0.374Sn0.266,6.4484255555555645
Ga0.614In0.008Sn0.378,4.9504925000000055
Ga0.427In0.296Sn0.277,6.246041666666675
Ga0.356In0.396Sn0.248,6.464735277777786
Ga0.033In0.312Sn0.655,5.569880277777792
Ga0.566In0.215Sn0.219,5.73065861111112
Ga0.202In0.248Sn0.550,6.233188055555566
Ga0.400In0.288Sn0.312,6.184456111111121
Ga0.029In0.653Sn0.318,6.66323555555556
Ga0.257In0.154Sn0.589,5.875044444444457
Ga0.349In0.387Sn0.264,6.496792777777787
Ga0.461In0.445Sn0.094,5.588450000000005
Ga0.453In0.231Sn0.316,5.929133888888898
Ga0.390In0.083Sn0.527,5.449261388888888
Ga0.474In0.309Sn0.217,6.068717777777786
Ga0.368In0.331Sn0.301,6.3268955555555655
Ga0.423In0.109Sn0.468,5.4294441666666735
Ga0.228In0.219Sn0.553,6.202724166666675
Ga0.556In0.442Sn0.002,4.498249444444453
Ga0.411In0.371Sn0.218,6.294718055555562
Ga0.431In0.164Sn0.405,5.795207777777786
Ga0.078In0.179Sn0.743,4.764085000000011
Ga0.044In0.793Sn0.163,5.621013611111113
Ga0.228In0.275Sn0.497,6.3427452777777855
Ga0.456In0.187Sn0.357,5.766692777777786
Ga0.262In0.487Sn0.251,6.749661666666671
Ga0.279In0.485Sn0.236,6.605364444444448
Ga0.429In0.355Sn0.216,6.305885833333341
